0.174_0 -220.368 1.31629 -0.6314 0.0479844 166.953 14.8635 3170.19 77.7959
0.174_0.19 -223.135 1.71401 -0.562633 0.0562287 156.151 13.0473 2551.47 82.9533
0.174_0.38 -225.167 1.04634 -0.458733 0.0418114 107.614 10.4401 1895.08 75.1215
0.174_0.57 -225.361 1.6536 -0.453967 0.117681 49.7338 6.09782 848.489 48.3377
0.174_0.76 -219.421 0.524435 -0.4684 0.0416722 96.9798 9.81213 1645.57 67.0138
0.174_0.95 -222.512 0.635425 -0.576133 0.0711734 147.764 12.4714 2823.51 103.344
0.174_1.14 -223.822 0.86685 -0.4645 0.0761889 93.8595 12.827 2216.9 84.3325
0.174_1.33 -224.809 0.494812 -0.456833 0.0664252 128.948 15.2789 2807.03 83.6418
0.174_1.52 -222.765 1.16263 -0.553867 0.0650214 119.232 13.1117 2432.03 82.0081
0.174_1.71 -223.118 0.655715 -0.580467 0.0389835 113.769 11.2721 1976.24 71.915
0.174_1.90 -223.531 0.556465 -0.556467 0.0263081 148.953 12.8818 2458.2 89.9581
0.174_2.09 -224.725 0.710074 -0.4879 0.0911778 112.31 11.2592 2169.12 91.5811
0.174_2.28 -225.101 0.81303 -0.572933 0.0420745 198.303 18.4467 5259.07 118.915
0.174_2.47 -226.884 1.03591 -0.594067 0.0398739 274.583 17.303 4832.71 117.452
0.174_2.66 -228.603 1.87703 -0.5319 0.0610097 194.604 13.9387 3017.41 53.7663
0.174_2.85 -221.978 1.03139 -0.667 0.0302765 137.049 15.1501 2859.94 61.9109
0.174_3.04 -224.328 1.00055 -0.568133 0.0478865 173.25 16.0782 3752.67 78.5147
0.174_3.23 -224.265 0.394341 -0.549067 0.0283242 285.788 19.5561 5930.58 108.446
0.174_3.42 -223.76 0.496662 -0.5328 0.0253132 250.835 19.0514 4621.26 134.32
0.174_3.61 -222.242 0.513876 -0.602867 0.0297296 248.187 22.683 5449.2 98.0835
0.174_3.80 -223.204 0.250442 -0.6203 0.0204901 719.342 40.4632 16714.5 155.118
0.174_3.99 -223.933 0.244399 -0.528833 0.0301713 995.295 42.0412 21726.8 192.648
0.174_4.18 -222.874 0.336079 -0.4978 0.0182873 302.782 19.4724 5042.31 104.197
0.174_4.37 -222.819 0.433166 -0.563433 0.038864 298.061 18.0479 5873.09 122.607
0.174_4.56 -223.529 0.624676 -0.523333 0.0486404 259.483 19.2698 4982.17 111.696
0.174_4.75 -223.449 0.804951 -0.4865 0.0552939 192.16 14.0173 3510.62 102.836
0.174_4.94 -228.657 3.60393 -0.247433 0.175692 187.75 13.4878 4347.7 106.138
0.174_5.13 -221.059 2.39514 -0.578567 0.113797 126.849 11.7971 3054.64 84.9533
0.174_5.32 -222.039 1.37713 -0.592167 0.0452214 320.505 19.7909 5662.68 120.878
0.174_5.51 -223.293 0.540282 -0.519033 0.019021 547.499 26.6732 8977.64 138.225
0.174_5.70 -224.195 0.787777 -0.489267 0.0313528 352.606 21.4064 7195.81 130.214
0.174_5.89 -223.124 0.682118 -0.5229 0.0307364 230.672 16.5561 4789.72 137.591
0.348_0 -220.409 0.977469 -0.617267 0.0430743 101.173 11.2975 2616.75 113.726
0.348_0.22 -222.693 2.47946 -0.535033 0.0810847 133.172 11.8185 2460.54 101.093
0.348_0.44 -226.177 0.43767 -0.403333 0.0222985 134.307 12.3177 3177.71 85.2567
0.348_0.66 -226.044 2.14015 -0.301533 0.113165 61.2916 8.11651 1228.45 50.4951
0.348_0.88 -219.936 0.969015 -0.531733 0.112878 101.656 9.62117 1512.36 67.1136
0.348_1.10 -220.288 3.80895 -0.568233 0.182833 55.6724 9.18497 1512.01 57.6387
0.348_1.32 -224.897 1.00066 -0.396433 0.117448 78.0943 11.4995 1850.68 75.9176
0.348_1.54 -223.945 3.83001 -0.537833 0.157293 42.8349 6.79497 748.249 33.7373
0.348_1.76 -224.04 1.11938 -0.597433 0.0587277 87.9407 11.0752 1737.27 55.8072
0.348_1.98 -225.595 0.843025 -0.488633 0.0395398 295.462 17.288 5659.62 203.371
0.348_2.20 -225.977 0.440933 -0.565267 0.0232765 341.962 23.6825 8429.5 146.797
0.348_2.42 -226.742 0.62578 -0.589667 0.024074 448.664 28.7844 10308.1 152.223
0.348_2.64 -227.713 3.00921 -0.577567 0.0998726 237.806 16.2044 3567.87 68.2269
0.348_2.86 -223.556 0.504409 -0.569467 0.0365739 165.996 15.6879 2961.35 71.4935
0.348_3.08 -225.055 0.299496 -0.503867 0.027781 381.298 27.3229 8477.93 106.998
0.348_3.30 -224.113 0.382515 -0.576833 0.0250527 284.809 22.0301 5585.56 85.58
0.348_3.52 -223.627 0.26991 -0.547067 0.0150951 663.83 37.7569 18636.1 237.61
0.348_3.74 -223.559 0.233621 -0.620233 0.0185224 789.164 41.4164 22991.9 276.226
0.348_3.96 -223.72 0.257747 -0.5659 0.0178229 645.615 30.6476 12277 116.075
0.348_4.18 -222.594 0.508273 -0.504567 0.0254351 421.612 22.5603 6561.39 127.437
0.348_4.40 -222.509 0.439447 -0.568633 0.0534858 297.159 19.153 5901.3 128.582
0.348_4.62 -222.261 1.43385 -0.603233 0.0794566 73.5994 13.3541 2523.14 74.9181
0.348_4.84 -221.703 1.38309 -0.441967 0.0700005 56.2575 8.84112 1292.65 65.0925
0.348_5.06 -223.037 0.824474 -0.416267 0.0716491 169.493 15.0637 2992 86.3557
0.348_5.28 -221.826 0.741619 -0.6328 0.0344494 255.477 20.0133 4655.68 97.1645
0.348_5.50 -223.27 0.668108 -0.5267 0.0227855 429.945 20.5739 7165.76 136.082
0.348_5.72 -221.006 0.635789 -0.590433 0.0240141 436.922 21.2607 6898.38 117.292
0.348_5.94 -221.115 0.542284 -0.532733 0.0217024 293.432 15.9341 4627.27 92.2826
0.523_0 -217.321 2.32284 -0.654367 0.0815904 126.827 11.8518 3014.2 126.175
0.523_0.26 -223.054 1.85676 -0.4533 0.0816887 89.528 10.9786 2384.11 113.744
0.523_0.52 -226.579 0.762246 -0.425333 0.03391 94.4196 11.4947 2252.53 51.1098
0.523_0.78 -222.275 6.20043 -0.6422 0.0799451 77.0757 12.3198 1730.06 57.8693
0.523_1.04 -224.5 1.83524 -0.542967 0.0672493 93.1717 12.8825 1633.17 49.0929
0.523_1.30 -225.619 0.818554 -0.500767 0.0697014 99.1798 14.4436 2319.52 77.3231
0.523_1.56 -224.421 0.490542 -0.5305 0.0282149 100.339 12.5482 1713.72 46.9962
0.523_1.82 -225.227 0.837486 -0.519267 0.054003 184.419 17.7567 4402.35 168
0.523_2.08 -227.025 0.44318 -0.4619 0.0266369 324.297 21.0414 6558.81 222.292
0.523_2.34 -226.239 0.431501 -0.586567 0.0219396 262.061 22.4536 7196.4 115.853
0.523_2.60 -225.284 1.3313 -0.537 0.0711712 146.557 17.5975 4015.44 87.7476
0.523_2.86 -224.408 0.242276 -0.475833 0.0207116 597.93 31.8633 14155 137.127
0.523_3.12 -224.833 0.169699 -0.508767 0.0181479 1114.44 44.0362 27006.5 191.662
0.523_3.38 -224.505 0.187078 -0.564933 0.017584 1143.03 46.7386 31731.8 296.93
0.523_3.64 -224.162 0.20527 -0.615767 0.0213138 1084.4 47.8926 31352.9 299.465
0.523_3.90 -223.352 0.289881 -0.586767 0.0193325 308.574 22.207 6149.72 95.991
0.523_4.16 -223.506 0.985351 -0.5002 0.0502662 486.18 23.7088 7460.6 113.354
0.523_4.42 -222.29 0.551526 -0.4999 0.0380323 180.36 14.5783 3140.14 88.0097
0.523_4.68 -223.712 1.47217 -0.5993 0.112819 81.8188 11.5153 2080.38 76.615
0.523_4.94 -222.868 1.02456 -0.4981 0.0723228 77.789 8.9503 1569.35 74.9435
0.523_5.20 -221.904 0.44058 -0.544067 0.0278196 181.087 18.629 3221.91 88.3012
0.523_5.46 -222.259 0.541375 -0.578033 0.0455873 122.847 16.882 3217.74 103.583
0.523_5.72 -221.245 1.0702 -0.607067 0.0414391 312.056 19.6951 5516.01 98.6091
0.523_5.98 -219.719 1.68734 -0.601933 0.0742684 242.173 18.5685 5189.37 119.58
0.697_0 -222.169 3.25764 -0.615933 0.106953 133.242 13.0435 2775.27 95.2255
0.697_0.31 -220.579 1.10473 -0.6584 0.0372099 354.308 16.5646 7442.04 180.661
0.697_0.62 -226.401 1.42932 -0.448233 0.0596379 147.73 13.6424 2724.69 129.26
0.697_0.93 -225.696 2.60138 -0.513633 0.0905653 88.7386 10.9059 1541.78 58.065
0.697_1.24 -224.925 0.336068 -0.4968 0.0181941 181.653 17.8756 3254.25 79.2749
0.697_1.55 -225.28 0.36351 -0.546667 0.0306685 222.811 18.45 4012.55 78.1673
0.697_1.86 -223.869 0.514716 -0.559867 0.0215263 210.422 22.8002 5396.4 99.8048
0.697_2.17 -224.749 0.554833 -0.544567 0.0326947 359.619 27.2914 8659.44 130.824
0.697_2.48 -223.772 0.395722 -0.507667 0.0263607 523.39 26.0923 10296.4 148.064
0.697_2.79 -223.47 0.232307 -0.5291 0.018692 796.684 34.3646 16956 177.259
0.697_3.10 -224.201 0.143125 -0.532767 0.0179038 1580.17 51.1318 37329.3 237.34
0.697_3.41 -224.047 0.176793 -0.5495 0.0152124 1284.79 47.9483 34481.6 250.782
0.697_3.72 -223.937 0.943505 -0.5803 0.0401145 262.042 24.9962 6962 118.661
0.697_4.03 -222.342 0.617092 -0.579567 0.0321809 354.365 22.0171 5811.13 88.3488
0.697_4.34 -222.815 0.699816 -0.507 0.031209 277.103 14.7808 3663.66 80.8832
0.697_4.65 -223.348 1.05454 -0.572767 0.0489341 117.747 11.638 2293.56 79.446
0.697_4.96 -224.007 1.6611 -0.482 0.111261 70.9623 8.561 1363.74 66.3085
0.697_5.27 -221.829 1.21134 -0.511267 0.0578728 97.0921 13.9495 3128.07 104.076
0.697_5.58 -220.162 0.389911 -0.6347 0.0263814 313.404 21.0172 7787.76 137.73
0.697_5.89 -219.382 0.529998 -0.6586 0.027681 210.016 17.5972 4277.33 102.068
0.872_0 -220.922 0.882059 -0.652333 0.0285929 242.127 17.0441 5142.75 160.007
0.872_0.39 -224.341 1.58078 -0.4433 0.0593271 653.961 24.0793 11323.7 219.805
0.872_0.78 -223.833 1.86673 -0.430767 0.0799559 410.942 21.1785 6277.25 103.57
0.872_1.17 -223.977 1.17719 -0.508767 0.0698762 187.565 15.3845 3718.31 90.0471
0.872_1.56 -224.114 0.57821 -0.496067 0.0418847 168.86 16.8952 2814.29 68.4083
0.872_1.95 -223.5 0.497882 -0.534533 0.0342663 229.699 22.6766 5454.2 99.7704
0.872_2.34 -225.844 0.380776 -0.506133 0.0300608 1082.07 42.4577 29903 360.134
0.872_2.73 -223.694 0.397209 -0.5116 0.0241448 1250.58 45.598 27688.8 261.866
0.872_3.12 -222.812 0.182689 -0.5828 0.0124403 1699.72 50.8787 36409.4 259.714
0.872_3.51 -223.122 0.281119 -0.566533 0.015855 732.539 34.8124 16215.1 222.841
0.872_3.90 -222.967 0.901884 -0.557 0.0463033 214.412 20.5869 4969.33 113.11
0.872_4.29 -221.477 1.03986 -0.5457 0.0429757 137.226 14.5058 2900.01 84.7293
0.872_4.68 -222.936 0.855675 -0.5766 0.0356834 148.551 13.0193 2907.47 82.209
0.872_5.07 -225.248 1.65353 -0.4424 0.0723697 116.728 11.9718 2378.44 82.2438
0.872_5.46 -220.641 0.300296 -0.6266 0.0200991 453.665 23.7922 11397.7 167.37
0.872_5.85 -220.606 0.36409 -0.623733 0.0257396 289.456 18.5808 5607.01 108.215
0_0 -221.825 0.626848 -0.497433 0.0304786 285.296 20.2178 6079.92 143.736
0_0.17 -221.067 3.4988 -0.595833 0.124845 136.033 12.3865 3382.85 104.878
0_0.34 -222.262 3.40581 -0.5757 0.134661 52.2227 8.25252 1033.84 49.2432
0_0.51 -221.598 0.691725 -0.5291 0.0556182 80.1216 8.86089 1521.79 59.3962
0_0.68 -219.349 0.597265 -0.512867 0.0374235 105.503 10.9488 2843.34 92.1109
0_0.85 -220.82 1.00032 -0.583567 0.0550855 165.916 15.1373 4144.71 121.447
0_1.02 -222.263 0.917583 -0.565 0.0524023 185.4 14.4867 3744.1 145.559
0_1.19 -222.619 1.40389 -0.500533 0.0612627 184.608 15.8726 3618.02 101.536
0_1.36 -222.851 0.828779 -0.478333 0.040958 202.02 17.5248 4405.68 101.269
0_1.53 -221.73 0.687465 -0.556067 0.0336005 175.46 15.1441 3192.94 95.5239
0_1.70 -224.446 3.09573 -0.5304 0.0961022 65.9372 8.73028 1607.36 64.691
0_1.87 -225.836 1.01056 -0.471167 0.0473389 93.4417 10.7931 1963.09 82.9939
0_2.04 -224.191 1.29157 -0.4678 0.121331 62.9647 8.52562 1477.84 92.6405
0_2.21 -223.518 0.767354 -0.5584 0.113563 86.6314 10.0154 2409.67 114.762
0_2.38 -225.144 1.15307 -0.5456 0.0974791 80.9461 10.672 2444.6 124.184
0_2.55 -227.14 2.13608 -0.474433 0.0751878 72.3491 9.20051 1815.52 91.3916
0_2.72 -223.777 2.91269 -0.5883 0.107968 175.385 15.0768 3149.47 104.216
0_2.89 -223.774 0.998676 -0.5798 0.0475734 216.847 17.2978 4149.11 134.86
0_3.06 -225.688 0.531359 -0.4884 0.0369672 280.116 18.2551 5786.96 165.057
0_3.23 -224.319 0.476688 -0.512333 0.0271334 376.727 21.053 7710.9 139.736
0_3.40 -223.966 0.327288 -0.5106 0.0297294 666.779 30.7448 17121.5 308.188
0_3.57 -224.025 0.233113 -0.5469 0.0242251 1135.99 38.2984 29173.4 381.523
0_3.74 -222.466 0.24149 -0.576233 0.0160503 758.435 33.1711 15022.4 196.436
0_3.91 -222.983 0.17663 -0.585533 0.0270823 1196.85 45.6573 27863.5 216.913
0_4.08 -222.9 0.235557 -0.5876 0.027039 874.537 41.3227 22623.5 203.107
0_4.25 -221.827 0.540907 -0.597667 0.0284175 192.368 17.2572 5959.13 127.351
0_4.42 -222.721 0.621102 -0.576 0.0415812 142.906 16.6604 4510.63 111.994
0_4.59 -222.824 0.364171 -0.551333 0.0285754 265.158 20.0492 5544.17 130.592
0_4.76 -222.464 0.479855 -0.563767 0.0337641 304.242 21.5087 6890.16 141.15
0_4.93 -221.418 1.07955 -0.637067 0.0609251 378.155 27.5086 11304.3 192.412
0_5.10 -228.231 2.42462 -0.581067 0.122619 113.723 18.5436 3771.86 78.5744
0_5.27 -226.458 0.33867 -0.5059 0.0136988 347.622 25.3023 10438 213.293
0_5.44 -225.265 0.301073 -0.5053 0.0123765 812.767 32.7125 16507.6 190.91
0_5.61 -224.674 0.265869 -0.503767 0.012437 802.921 31.5438 14659.5 181.689
0_5.78 -223.922 0.362716 -0.536867 0.026825 657.63 26.5944 13152.1 218.538
0_5.95 -223.633 0.30865 -0.483067 0.0232894 455.093 22.8627 10106.1 201.808
1.046_0 -221.632 0.758737 -0.366733 0.0858436 185.357 20.9795 4946.85 173.169
1.046_0.52 -222.461 1.16536 -0.467133 0.0426034 581.335 27.344 8526.88 114.438
1.046_1.04 -221.621 0.653631 -0.5257 0.0320246 641.094 28.4945 11808.1 165.552
1.046_1.56 -222.148 0.494891 -0.5065 0.0307585 470.909 23.1573 8114.54 154.896
1.046_2.08 -225.226 0.297771 -0.484967 0.0232938 699.257 33.8754 16266.1 301.802
1.046_2.60 -225.254 0.25309 -0.464167 0.0176533 1372.48 55.1058 35267.5 363.584
1.046_3.12 -222.149 0.224674 -0.566367 0.0158387 1139.78 43.5407 24893.6 213.844
1.046_3.64 -223.618 0.560504 -0.503967 0.0343055 429.046 27.5922 9830.13 176.705
1.046_4.16 -223.695 0.720666 -0.444 0.0445758 189.44 16.6155 3854.77 96.2185
1.046_4.68 -222.536 0.933543 -0.519933 0.0487736 213.707 16.0974 4473.43 125.18
1.046_5.20 -221.411 0.726562 -0.606067 0.0347418 198.189 19.859 4334.82 109.363
1.046_5.72 -220.493 0.357984 -0.598333 0.0203525 306.866 20.7424 6450.64 134.462
1.221_0 -219.55 0.657961 -0.4941 0.0795197 234.055 20.0173 5896.86 142.472
1.221_0.78 -221.068 0.49166 -0.4961 0.0236711 445.76 26.6454 8613.42 122.404
1.221_1.56 -220.021 0.492305 -0.6327 0.0333383 703.515 33.1344 13160.1 170.834
1.221_2.34 -224.163 0.273032 -0.527467 0.0215758 596.531 31.5112 10564.1 155.233
1.221_3.12 -223.211 0.294075 -0.561767 0.0231318 527.191 30.6047 13318.4 208.389
1.221_3.90 -222.82 0.482529 -0.449167 0.0532945 203.349 19.5303 4430.64 111.056
1.221_4.68 -223.737 0.470602 -0.433033 0.0304006 257.381 19.7687 4917.74 124.902
1.221_5.46 -219.544 0.319021 -0.536767 0.02472 324.841 23.2287 6431.16 133.795
1.395_0 -220.475 0.36684 -0.5774 0.0267527 384.111 25.6163 9951.72 151.584
1.395_1.57 -221.374 0.427533 -0.642933 0.0241163 429.838 30.1136 10665.5 165.853
1.395_3.14 -221.548 0.505863 -0.556733 0.0231616 258.914 19.7674 6834.44 173.096
1.395_4.71 -221.984 0.556143 -0.5379 0.044167 312.908 21.2568 6014.48 121.99
1.571_0 -221.655 0.46049 -0.645633 0.0259782 455.461 32.6533 12381.5 200.202
n0.174_0 -222.162 1.14426 -0.532033 0.0451508 189.763 16.8274 4368.47 117.908
n0.174_0.19 -219.418 2.10764 -0.6263 0.0735544 79.7623 10.5168 1795.28 65.5557
n0.174_0.38 -220.392 2.08491 -0.6357 0.0794664 100.939 12.8086 2116.16 69.1538
n0.174_0.57 -220.865 0.469509 -0.561633 0.0606295 154.868 13.2292 3421.84 97.1652
n0.174_0.76 -220.644 1.1364 -0.545233 0.0929144 177.838 13.589 3927.03 108.973
n0.174_0.95 -223.153 0.480012 -0.5446 0.0252132 293.505 17.2413 4980.19 137.337
n0.174_1.14 -224.974 0.88586 -0.435733 0.0419793 403.721 21.1054 6692.26 156.297
n0.174_1.33 -223.818 1.29 -0.4562 0.0633269 278.858 17.3899 5197.17 93.8579
n0.174_1.52 -222.152 0.64566 -0.508967 0.0349313 198.931 16.7332 3445.9 75.7084
n0.174_1.71 -223.636 1.08174 -0.467767 0.11988 168.175 13.8885 3330.28 81.8628
n0.174_1.90 -224.8 2.07922 -0.5335 0.150058 105.664 12.2913 2724.43 77.2908
n0.174_2.09 -223.581 1.24497 -0.613267 0.0721817 94.8767 13.0603 3411.22 100.108
n0.174_2.28 -223.477 0.649274 -0.5465 0.0545046 116.387 12.9452 3437.42 128.9
n0.174_2.47 -224.759 0.848516 -0.5636 0.0371919 76.2803 10.1081 1592.99 75.6447
n0.174_2.66 -225.428 0.518874 -0.5089 0.0293699 133.709 14.8442 3009.83 106.647
n0.174_2.85 -225.089 0.57962 -0.562633 0.031533 285.232 21.6287 6647.83 182.638
n0.174_3.04 -224.721 0.74281 -0.603833 0.0392892 284.692 18.1852 7290.59 200.536
n0.174_3.23 -223.971 0.860949 -0.499267 0.0391365 260.072 18.5059 5049.81 127.251
n0.174_3.42 -224.417 0.144314 -0.477933 0.0168106 1518.56 39.6857 35090.6 393.22
n0.174_3.61 -223.901 0.0958808 -0.524833 0.0135759 2828.47 51.8645 61273.9 461.916
n0.174_3.80 -223.162 0.20223 -0.547267 0.0175327 1691.51 46.6756 35141.4 372.23
n0.174_3.99 -222.446 0.251807 -0.556833 0.0171941 926.807 36.9575 20334.4 273.651
n0.174_4.18 -222.354 0.557684 -0.600767 0.0275973 318.67 24.3642 7594.87 128.29
n0.174_4.37 -222.999 3.61548 -0.5452 0.0676143 81.3014 14.3889 3659.04 94.5536
n0.174_4.56 -230.885 6.44071 -0.364233 0.20231 108.081 14.2029 5704.44 97.3239
n0.174_4.75 -224.279 0.4879 -0.584467 0.0555096 621.053 35.5103 19244.3 226.7
n0.174_4.94 -224.452 0.355698 -0.515933 0.0506853 883.97 37.8192 25052.8 257.232
n0.174_5.13 -226.927 0.6346 -0.604533 0.0317834 257.14 25.3042 10167.2 153.972
n0.174_5.32 -225.267 0.194222 -0.5198 0.00982651 923.53 33.0372 20019.5 237.021
n0.174_5.51 -224.334 0.154639 -0.5299 0.00781814 1480.47 37.7214 27005.2 254.313
n0.174_5.70 -224.135 0.24317 -0.517533 0.0169897 847.094 29.9279 15705.2 210.448
n0.174_5.89 -223.708 0.373918 -0.496533 0.0354031 523.563 22.1271 10366.5 197.843
n0.348_0 -221.102 2.75093 -0.550433 0.15597 47.6546 6.58478 871.891 42.341
n0.348_0.22 -222.193 3.10389 -0.499167 0.107692 56.2064 7.73413 858.603 38.3255
n0.348_0.44 -223.941 1.79421 -0.486 0.0620403 100.579 13.6327 1832.81 58.3518
n0.348_0.66 -221.199 0.528752 -0.524267 0.0328024 209.131 13.8593 2782.33 90.4976
n0.348_0.88 -222.405 0.445068 -0.528167 0.0358186 324.97 16.7653 4667.46 108.854
n0.348_1.10 -223.639 0.399606 -0.516533 0.0233962 503.507 23.1637 8106.1 148.972
n0.348_1.32 -224.685 1.11408 -0.500267 0.0606476 256.154 18.5881 5065.52 122.62
n0.348_1.54 -221.873 0.503677 -0.552467 0.0282934 210.178 16.6313 3462.58 77.5477
n0.348_1.76 -223.221 0.529622 -0.504933 0.0413344 205.554 16.2095 3399.01 73.1849
n0.348_1.98 -223.068 1.75954 -0.6066 0.0832945 67.9284 11.3532 2131.29 68.1654
n0.348_2.20 -222.798 0.936109 -0.614133 0.0484305 72.3347 11.1927 2494.55 98.0906
n0.348_2.42 -223.008 0.439875 -0.539167 0.0452582 101.812 12.1894 2603.77 88.7928
n0.348_2.64 -224.112 0.717935 -0.4908 0.0663372 150.384 16.6473 5012.93 105.665
n0.348_2.86 -226.047 1.24549 -0.548267 0.129151 123.392 15.6676 4060.97 96.1952
n0.348_3.08 -225.951 1.80946 -0.536533 0.0593356 193.903 18.8512 5519.02 96.521
n0.348_3.30 -222.658 1.16107 -0.5764 0.0375966 339.172 20.2816 6612.29 106.441
n0.348_3.52 -223.835 0.106855 -0.486167 0.0120404 1370.47 30.7774 23895.7 246.088
n0.348_3.74 -223.481 0.139449 -0.517967 0.017449 1747.01 41.5439 34571.6 332.845
n0.348_3.96 -223.707 0.215246 -0.488267 0.013779 1174.52 36.5232 23313 307.768
n0.348_4.18 -223.535 0.402656 -0.524667 0.0218759 319.372 19.9059 5940.05 137.128
n0.348_4.40 -225.524 2.87807 -0.4651 0.110635 63.2376 8.22572 1169.75 47.4987
n0.348_4.62 -237.183 2.60776 -0.328833 0.229783 178.544 19.5581 4212.29 100.028
n0.348_4.84 -224.799 0.37378 -0.4611 0.0655718 762.362 40.4098 19897.8 230.607
n0.348_5.06 -224.63 0.620972 -0.456067 0.0861491 302.9 22.2126 8653.65 149.853
n0.348_5.28 -224.664 0.94585 -0.558533 0.0626305 254.932 17.8677 5712.53 126.328
n0.348_5.50 -222.967 0.35132 -0.5659 0.0178416 771.281 25.1735 13749.3 174.953
n0.348_5.72 -223.108 0.598295 -0.555567 0.0322719 374.705 21.8038 7866.24 157.053
n0.348_5.94 -221.801 1.23968 -0.596167 0.0457417 161.427 13.8805 3875.82 99.5534
n0.523_0 -222.223 0.945423 -0.588233 0.131692 65.3106 9.37651 1721.36 76.5312
n0.523_0.26 -224.355 3.10431 -0.367833 0.128012 67.2013 7.66498 990.805 46.4498
n0.523_0.52 -220.924 3.22001 -0.557467 0.118991 140.499 12.1281 2329.73 63.9721
n0.523_0.78 -220.805 1.17221 -0.636133 0.0557463 182.385 14.3399 2844.1 84.4373
n0.523_1.04 -222.273 0.710182 -0.616 0.0453982 192.971 14.4265 3443.81 90.8907
n0.523_1.30 -222.901 0.977545 -0.56 0.0445459 202.669 17.0187 3946.79 88.6734
n0.523_1.56 -222.174 0.603477 -0.551433 0.0308136 217.154 16.9571 4230.55 114.92
n0.523_1.82 -223.273 0.912576 -0.545567 0.0359742 175.941 15.1938 3446.27 75.4299
n0.523_2.08 -222.676 1.49818 -0.570567 0.0593701 76.1244 10.6082 1721.97 52.9905
n0.523_2.34 -222.322 0.555305 -0.5414 0.11595 61.4303 8.58578 1314.17 51.6829
n0.523_2.60 -223.352 0.547347 -0.532067 0.0550835 96.9661 14.1406 3230.59 75.4525
n0.523_2.86 -224.918 1.16351 -0.453733 0.0558677 78.1791 10.3211 1552.66 44.5456
n0.523_3.12 -230.738 6.9347 -0.382033 0.210296 135.245 14.8166 2836 71.0529
n0.523_3.38 -222.451 2.56531 -0.5654 0.0838012 270.448 16.8847 4275.27 98.7912
n0.523_3.64 -221.508 1.36949 -0.580167 0.0493994 323.285 20.324 6220.2 118.949
n0.523_3.90 -223.566 0.290834 -0.477 0.020347 577.055 25.5426 10979.1 208.203
n0.523_4.16 -222.491 0.546724 -0.564333 0.0345479 151.127 14.2171 3506.58 108.696
n0.523_4.42 -225.284 2.61898 -0.464433 0.102264 43.9911 7.24231 743.409 45.1478
n0.523_4.68 -229.553 4.78073 -0.406133 0.162654 22.1794 4.22756 312.866 27.9749
n0.523_4.94 -222.53 5.34124 -0.411167 0.261946 27.6979 4.36479 496.526 27.8965
n0.523_5.20 -227.487 2.25139 -0.503 0.0881967 39.2491 8.061 615.563 37.7746
n0.523_5.46 -225.709 1.31366 -0.3983 0.0854773 123.37 11.7022 2090.04 78.1404
n0.523_5.72 -224.507 1.15799 -0.506 0.0504083 182.822 15.1694 3358.34 91.3619
n0.523_5.98 -224.079 4.75819 -0.553167 0.154688 137.19 12.625 3396.47 102.674
n0.697_0 -221.6 1.11156 -0.607767 0.0482274 56.8451 9.52207 1078.4 44.3812
n0.697_0.31 -220.437 5.1645 -0.5654 0.165636 64.2639 7.47932 1144.28 51.1511
n0.697_0.62 -218.654 1.11324 -0.642833 0.0449997 167.697 14.5771 3076.03 86.0505
n0.697_0.93 -219.652 1.23676 -0.591933 0.0402715 121.967 12.438 2239.12 72.7216
n0.697_1.24 -222.057 0.962726 -0.573467 0.0379901 125.38 12.9661 2405.38 58.1942
n0.697_1.55 -223.672 0.692745 -0.458333 0.0315841 180.612 15.6032 3281.57 106.823
n0.697_1.86 -223.153 0.946908 -0.5238 0.0377469 196.235 15.85 3634.28 90.1402
n0.697_2.17 -220.593 1.84258 -0.6135 0.0773784 77.0839 9.52089 1295.93 39.5852
n0.697_2.48 -223.727 5.72103 -0.551533 0.205258 28.6851 4.62486 599.891 32.9324
n0.697_2.79 -222.459 6.41192 -0.532867 0.205598 48.2657 7.7948 800.245 35.1534
n0.697_3.10 -225.72 2.94421 -0.491367 0.0992079 54.8996 8.21756 998.734 28.8357
n0.697_3.41 -224.018 1.41094 -0.511633 0.046144 174.224 15.7248 3510.81 85.8146
n0.697_3.72 -222.113 1.38306 -0.561333 0.0468461 354.668 24.836 7951.2 139.217
n0.697_4.03 -222.082 0.417649 -0.565133 0.0211876 240.754 20.6926 4741.55 110.259
n0.697_4.34 -223.606 0.604577 -0.512433 0.0281475 112.838 12.2527 1998.98 63.6833
n0.697_4.65 -223.106 0.631703 -0.539433 0.0272619 69.0386 8.71323 1144.19 39.525
n0.697_4.96 -225.733 2.79163 -0.4911 0.090666 48.7753 7.7871 764.787 34.3689
n0.697_5.27 -224.959 2.0208 -0.573733 0.0614535 57.1372 9.16295 1266.81 52.8837
n0.697_5.58 -223.617 0.374376 -0.604333 0.0179877 124.355 13.2388 2791.18 84.8244
n0.697_5.89 -222.84 1.26067 -0.518133 0.0472559 91.9963 10.8093 1961.39 57.6227
n0.872_0 -223.103 0.8369 -0.536733 0.0887457 58.6027 8.55111 1338.63 78.8512
n0.872_0.39 -222.499 2.98522 -0.4848 0.0879937 53.8937 8.44987 1183.5 64.8737
n0.872_0.78 -220.063 0.849954 -0.566133 0.0393402 120.886 11.9458 2344.21 86.8537
n0.872_1.17 -219.691 0.717922 -0.579333 0.0499055 107.421 12.6263 2074.6 76.4439
n0.872_1.56 -224.531 1.45382 -0.403633 0.0624985 127.731 13.6015 2714.89 96.8023
n0.872_1.95 -224.4 0.92432 -0.416167 0.0478711 135.06 13.8796 3117.11 92.0094
n0.872_2.34 -226.104 2.53724 -0.405 0.111271 75.0436 8.89086 1123.05 37.4457
n0.872_2.73 -224.829 2.30073 -0.499033 0.0922052 53.6661 9.3861 966.417 36.0825
n0.872_3.12 -222.965 2.18029 -0.560067 0.0931225 78.825 10.8676 1561.91 47.7385
n0.872_3.51 -224.625 0.330159 -0.5028 0.0235392 222.794 19.2608 4118.41 90.384
n0.872_3.90 -223.268 0.400538 -0.527733 0.0156842 333.735 24.0683 6233.4 128.549
n0.872_4.29 -224.779 0.793696 -0.4545 0.0354319 115.622 13.4418 2165.92 64.9774
n0.872_4.68 -223.058 0.522077 -0.5172 0.0232284 96.5796 11.8613 1685.63 46.4107
n0.872_5.07 -223.749 3.17764 -0.471 0.191322 48.3425 7.81418 1225.4 48.3407
n0.872_5.46 -224.677 1.00447 -0.620167 0.0425868 71.8776 10.4403 2241.45 74.4794
n0.872_5.85 -226.501 0.450635 -0.441833 0.0357534 474.638 27.0892 12556.1 202.978
n1.046_0 -222.803 1.09983 -0.522367 0.064362 62.7696 9.81766 1476.72 104.628
n1.046_0.52 -218.498 2.34925 -0.5634 0.102493 107.767 11.3275 2208.38 102.524
n1.046_1.04 -219.828 0.658152 -0.636133 0.0252649 149.144 14.8749 2827.62 79.9311
n1.046_1.56 -221.087 1.82769 -0.5298 0.0652372 129.04 14.0054 2485.51 96.1884
n1.046_2.08 -220.775 2.6647 -0.608367 0.0914407 93.2399 12.2895 1943.36 56.0044
n1.046_2.60 -221.778 0.856662 -0.6077 0.0482298 84.4509 11.1548 1529.85 42.1726
n1.046_3.12 -222.303 1.36155 -0.613367 0.0723376 93.0732 11.9037 2177.72 63.4895
n1.046_3.64 -222.938 0.388401 -0.513733 0.0226979 243.268 19.9386 4901.73 97.4109
n1.046_4.16 -222.978 0.622342 -0.518333 0.0283823 111.79 14.1032 2388.33 73.6387
n1.046_4.68 -222.609 1.03604 -0.5606 0.0587977 71.2479 9.47883 1321.26 51.8399
n1.046_5.20 -223.324 3.19151 -0.635633 0.145362 53.6564 9.4181 1405.26 58.9282
n1.046_5.72 -226.573 0.376726 -0.4265 0.0266098 487.813 26.527 12137 201.774
n1.221_0 -222.333 0.72466 -0.511933 0.0567961 107.991 10.7318 2265.51 112.499
n1.221_0.78 -222.147 1.257 -0.488367 0.0450044 116.164 13.0541 2901.4 101.817
n1.221_1.56 -221.794 1.41284 -0.526633 0.0585144 140.117 13.9142 3091.47 105.166
n1.221_2.34 -220.265 1.44248 -0.606467 0.0502804 85.1007 12.0341 1671.93 58.7285
n1.221_3.12 -220.517 0.619322 -0.5581 0.0456427 128.854 13.7178 2572.27 74.3442
n1.221_3.90 -219.748 0.420693 -0.4861 0.0232305 99.0405 13.9103 1888.09 55.4309
n1.221_4.68 -223.318 3.88291 -0.595233 0.118776 32.7762 5.6994 816.509 43.9279
n1.221_5.46 -221.66 0.873037 -0.523467 0.0806345 75.9043 10.3506 1759.16 76.2342
n1.395_0 -222.108 1.28371 -0.4795 0.0749138 54.4441 7.70987 927.152 78.9938
n1.395_1.57 -221.575 0.79268 -0.522867 0.0366858 90.5723 11.2925 1915.48 81.6017
n1.395_3.14 -220.641 0.532395 -0.522067 0.0294199 156.027 11.4877 2419.22 79.4767
n1.395_4.71 -222.681 1.78884 -0.470833 0.112426 32.2321 4.25418 567.565 42.5315
n1.571_0 -221.649 0.575476 -0.526433 0.0419064 66.0714 7.80495 1098.34 58.104
