0.087_0 -146.184 1.44602 -0.408 0.0632086 63.6946 10.1995 1124.01 52.314
0.087_0.09 -148.252 6.05275 -0.378067 0.0758955 38.8011 7.49724 855.171 51.536
0.087_0.18 -153.902 12.2024 -0.391833 0.125784 25.6543 4.26973 382.635 35.6821
0.087_0.27 -149.998 1.97942 -0.278467 0.0867528 14.859 3.13709 180.154 21.8927
0.087_0.36 -155.692 7.72002 -0.288633 0.156659 11.3333 3.13002 170.247 18.4358
0.087_0.45 -154.957 6.40661 -0.296133 0.158453 9.18277 2.07561 134.361 15.2124
0.087_0.54 -157.701 6.8928 -0.1191 0.115214 9.02342 1.69523 117.03 14.6513
0.087_0.63 -159.65 6.62126 -0.211367 0.148219 7.97618 1.63452 90.3485 17.5519
0.087_0.72 -149.817 0.86566 -0.347933 0.0467817 29.5383 5.73503 368.717 29.195
0.087_0.81 -148.789 0.691524 -0.346967 0.0361414 70.8702 7.18808 1021.43 53.2972
0.087_0.90 -147.689 0.672858 -0.277933 0.0403716 77.6015 7.71843 1564.78 90.6199
0.087_0.99 -150.403 1.18923 -0.389133 0.0634533 43.7834 6.33118 969.989 58.1308
0.087_1.08 -154.555 2.04591 -0.324167 0.0927414 35.7387 5.20804 650.389 48.9111
0.087_1.17 -152.374 1.33873 -0.3442 0.0841702 40.2052 5.71448 637.445 33.2141
0.087_1.26 -152.536 2.93641 -0.288633 0.123893 37.7117 7.01949 962.559 44.1797
0.087_1.35 -151.902 1.26206 -0.216933 0.0761625 44.5631 8.29585 1010.68 49.6108
0.087_1.44 -150.958 0.911173 -0.2594 0.108355 46.1421 7.98393 972.519 54.2515
0.087_1.53 -152.954 2.48069 -0.278867 0.136001 47.6089 7.38885 1025.16 54.875
0.087_1.62 -152.498 4.14286 -0.3431 0.158989 19.4045 3.65466 319.882 21.5993
0.087_1.71 -150.987 5.6025 -0.2777 0.166393 17.6498 4.19922 268.403 23.3066
0.087_1.80 -154.904 3.83498 -0.1788 0.153622 29.2641 5.36999 540.431 50.0064
0.087_1.89 -151.521 2.03564 -0.2851 0.0756954 43.8785 5.87897 762.902 52.4995
0.087_1.98 -151.752 1.49634 -0.203567 0.106268 30.7039 4.5752 382.478 36.5827
0.087_2.07 -150.412 0.951331 -0.282267 0.121484 25.3319 3.70138 317.274 32.6601
0.087_2.16 -152.598 7.69199 -0.276 0.182667 13.8269 3.28609 322.764 59.1024
0.087_2.25 -153.37 4.78674 -0.274167 0.141592 12.1378 2.24608 121.935 10.6618
0.087_2.34 -154.355 1.77503 -0.223667 0.158476 17.5059 4.21016 402.536 53.7391
0.087_2.43 -153.721 1.95381 -0.3262 0.116867 24.1943 6.05332 810.055 69.9554
0.087_2.52 -152.726 7.01889 -0.133667 0.14827 19.5598 5.40451 595.464 50.9318
0.087_2.61 -153.568 1.2452 -0.293467 0.0644028 37.3554 5.10899 413.753 22.549
0.087_2.70 -150.707 2.55197 -0.3882 0.0827951 59.333 8.13863 865.117 30.5264
0.087_2.79 -151.321 4.54359 -0.340733 0.141534 65.6141 8.63579 1040.4 34.6026
0.087_2.88 -154.168 4.38529 -0.262633 0.147733 35.3163 6.3844 635.396 22.8157
0.087_2.97 -151.275 3.4042 -0.259867 0.107942 14.1409 3.29096 217.704 19.5705
0.087_3.06 -154.947 2.16611 -0.256633 0.0903589 38.0943 5.78591 646.859 32.7487
0.087_3.15 -155.488 0.637414 -0.218367 0.0633819 127.315 12.8975 2047.47 58.0605
0.087_3.24 -154.059 0.47514 -0.223667 0.0413589 160.963 15.2786 2746.27 70.8603
0.087_3.33 -153.193 0.651521 -0.285533 0.0388714 133.714 13.6085 2611.75 82.839
0.087_3.42 -154.212 0.919401 -0.202467 0.0736907 100.428 10.0836 1975.06 91.5911
0.087_3.51 -153.847 1.79636 -0.248933 0.107937 54.7964 7.19708 955.562 63.3797
0.087_3.60 -154.928 1.24449 -0.386967 0.0800637 55.5237 8.36497 1190.78 57.7526
0.087_3.69 -154.114 0.536824 -0.339767 0.034483 102.699 11.1435 1884.48 55.067
0.087_3.78 -152.374 0.482362 -0.319567 0.0368512 180.123 14.6856 3373.35 68.7211
0.087_3.87 -152.994 0.371654 -0.2682 0.0271973 365.183 24.9052 7612.39 111.134
0.087_3.96 -153.669 0.243185 -0.2618 0.0271261 649.652 30.6222 12579.4 128.724
0.087_4.05 -154.29 0.355949 -0.267333 0.0445072 281.195 18.1974 5253.01 91.9787
0.087_4.14 -156.554 0.610971 -0.229 0.055115 65.093 7.63516 895.273 58.9294
0.087_4.23 -153.199 1.12174 -0.341233 0.0629074 50.0417 8.04189 758.319 51.3594
0.087_4.32 -152.155 3.44316 -0.4134 0.0924895 27.1629 5.3064 510.071 56.0061
0.087_4.41 -151.444 3.37868 -0.390467 0.133587 38.6756 6.69063 1104.72 56.9867
0.087_4.50 -152.275 1.18598 -0.3411 0.0835619 57.6657 8.61714 1194.16 49.2212
0.087_4.59 -151.811 1.18302 -0.2432 0.0775673 45.9293 6.51962 911.17 39.79
0.087_4.68 -149.155 1.68238 -0.373267 0.114036 74.6688 8.00277 1279 69.4265
0.087_4.77 -154.665 2.38927 -0.208867 0.153793 26.7832 3.60866 445.336 29.7897
0.087_4.86 -150.488 2.46693 -0.316367 0.101552 132.709 13.0762 2857.95 84.909
0.087_4.95 -154.292 5.07694 -0.1546 0.20919 111.36 12.7226 2857.21 78.1095
0.087_5.04 -155.107 4.96976 -0.2334 0.149612 20.5797 4.64275 438.868 38.3311
0.087_5.13 -156.877 1.79753 -0.179433 0.143418 17.6113 3.95357 216.267 20.397
0.087_5.22 -157.028 2.87822 -0.2018 0.12026 42.552 7.27945 848.381 40.054
0.087_5.31 -150.869 2.59028 -0.4209 0.0914188 63.6627 8.92255 1331.17 71.1642
0.087_5.40 -151.662 0.702114 -0.260233 0.037958 71.9756 8.64805 1459.33 73.1967
0.087_5.49 -150.69 0.390649 -0.3107 0.0178543 99.6595 10.6006 1650 68.3404
0.087_5.58 -152.158 0.527422 -0.294267 0.0207508 169.662 11.8158 2528.09 76.7788
0.087_5.67 -151.891 0.68023 -0.344767 0.0365934 134.918 14.259 2731.11 61.0258
0.087_5.76 -151.622 1.50376 -0.326867 0.059001 71.5165 8.48035 1280.41 49.6633
0.087_5.85 -151.197 0.890389 -0.276833 0.0530312 74.2416 9.86589 1435.22 66.6388
0.087_5.94 -151.394 1.34461 -0.3882 0.0646299 85.1206 9.70619 1830.02 81.3871
0.087_6.03 -152.153 0.771378 -0.281 0.0432011 79.7777 8.57829 1571.85 58.2722
0.174_0 -147.162 1.61434 -0.401933 0.0629529 35.4352 6.94444 594.253 37.0789
0.174_0.09 -151.353 5.62358 -0.375167 0.132985 46.1157 8.22144 959.475 48.6722
0.174_0.18 -152.345 1.60339 -0.3645 0.0668587 50.6401 6.68884 744.609 39.9131
0.174_0.27 -151.339 1.75189 -0.253667 0.0703128 32.9461 3.69385 464.447 37.789
0.174_0.36 -151.786 2.67549 -0.1773 0.126204 20.4393 4.03661 442.375 47.5883
0.174_0.45 -155.008 6.45266 -0.247867 0.175038 14.405 3.17078 269.213 38.1232
0.174_0.54 -153.416 3.28161 -0.339067 0.150932 13.3534 2.57515 164.289 13.9883
0.174_0.63 -158.534 3.01005 -0.159033 0.12917 7.8586 1.7612 84.3263 11.7636
0.174_0.72 -148.099 1.39921 -0.179867 0.128134 24.0306 3.75747 298.576 28.5779
0.174_0.81 -149.48 1.00605 -0.329333 0.0624838 25.8079 4.58413 337.368 24.8844
0.174_0.90 -147.835 1.81486 -0.2906 0.0659528 28.0534 4.9452 401.258 34.269
0.174_0.99 -148.849 1.01349 -0.349167 0.0657797 22.9901 3.63588 424.567 37.9486
0.174_1.08 -154.649 4.52812 -0.169633 0.13397 23.9941 4.18015 495.968 47.4687
0.174_1.17 -154.895 3.50734 -0.349833 0.113849 18.1328 3.63827 342.163 39.2228
0.174_1.26 -157.979 4.03291 -0.101233 0.122428 35.4844 6.46521 771.134 46.2028
0.174_1.35 -155.815 1.46771 -0.0653333 0.0574882 47.8062 8.9493 1088.06 41.0295
0.174_1.44 -153.468 2.0258 -0.232733 0.10681 28.9204 6.17177 682.564 30.085
0.174_1.53 -152.884 5.07022 -0.280633 0.164196 24.0563 5.05632 565.959 33.7717
0.174_1.62 -150.706 3.0403 -0.374667 0.11662 23.7714 4.79598 463.377 31.7917
0.174_1.71 -152.628 3.44789 -0.299733 0.129308 25.151 4.41266 345.021 28.1
0.174_1.80 -153.007 1.00357 -0.287033 0.048831 49.5215 6.88094 819.202 46.6345
0.174_1.89 -152.336 1.18104 -0.268 0.0485524 82.7327 9.18144 1432.11 69.3173
0.174_1.98 -149.591 0.996871 -0.341633 0.0583101 44.8489 6.15684 747.783 49.0211
0.174_2.07 -149.076 0.68882 -0.317567 0.0534379 32.7292 6.86062 434.236 32.4506
0.174_2.16 -150.751 2.21612 -0.118767 0.184697 22.5081 4.65705 261.883 24.5536
0.174_2.25 -152.155 3.73435 -0.202667 0.183464 17.5079 3.60079 307.591 34.0618
0.174_2.34 -153.623 0.652372 -0.4093 0.0457847 33.8704 5.24098 556.503 50.1718
0.174_2.43 -151.969 2.81671 -0.365367 0.135023 47.5874 7.53115 986.355 66.1663
0.174_2.52 -152.338 4.51862 -0.3686 0.139734 55.071 7.80911 959.915 46.9894
0.174_2.61 -150.231 2.89555 -0.4334 0.0824963 44.8127 6.49397 590.42 21.2491
0.174_2.70 -151.501 0.930842 -0.3965 0.0296437 61.7307 7.33652 788.256 28.8771
0.174_2.79 -154.297 2.86389 -0.313867 0.0953029 37.3379 5.1594 542.894 28.7118
0.174_2.88 -152.759 5.3243 -0.285767 0.150722 20.8965 4.37548 398.435 20.56
0.174_2.97 -150.7 2.04419 -0.4422 0.0676123 30.1326 6.30915 635.855 32.3696
0.174_3.06 -156.647 1.39989 -0.294267 0.0634292 52.543 8.20355 1055.81 38.7117
0.174_3.15 -155.829 0.727695 -0.220233 0.0587266 115.363 13.0117 1922.38 51.0329
0.174_3.24 -153.789 0.704258 -0.191033 0.0555656 82.1576 10.5899 1507.43 51.1975
0.174_3.33 -153.679 1.3946 -0.301933 0.0932902 41.483 7.6125 1059.52 65.2283
0.174_3.42 -153.818 0.983491 -0.186 0.0695701 63.9702 7.87732 933.292 61.6856
0.174_3.51 -154.164 0.890532 -0.214967 0.0741669 49.0738 6.07143 620.662 33.028
0.174_3.60 -154.492 1.37763 -0.31 0.108231 61.0977 9.82647 1268.13 52.1803
0.174_3.69 -154.583 0.701561 -0.336067 0.0474735 89.9981 11.2014 1578.69 50.8617
0.174_3.78 -154.877 0.540854 -0.271633 0.0270321 103.827 11.6345 1976.57 49.0824
0.174_3.87 -154.237 0.750732 -0.236867 0.0383551 151.896 17.3568 3824.41 76.8894
0.174_3.96 -154.056 0.313045 -0.219533 0.0200844 397.013 24.4579 7693.65 98.9129
0.174_4.05 -155.069 0.297127 -0.2732 0.0274595 239.349 18.1691 4010.93 73.3658
0.174_4.14 -152.711 1.35597 -0.409167 0.0921754 54.1051 6.65004 764.523 39.1542
0.174_4.23 -152.179 0.573421 -0.3189 0.0392639 61.2332 7.68837 1162.17 62.3228
0.174_4.32 -152.384 0.525896 -0.355367 0.0401223 73.401 9.64416 1366.8 66.0509
0.174_4.41 -154.015 0.763565 -0.2517 0.134436 100.699 11.1545 2110.26 68.7076
0.174_4.50 -154.557 0.724831 -0.192967 0.0684149 100.6 10.6405 1847.52 60.0339
0.174_4.59 -150.923 1.87112 -0.3531 0.126923 44.0441 6.32249 953.322 65.0618
0.174_4.68 -149.755 0.617634 -0.449067 0.0321299 71.9935 7.10647 977.748 69.1733
0.174_4.77 -154.426 1.46082 -0.204433 0.0960979 21.9809 3.02806 211.627 20.768
0.174_4.86 -151.085 4.78947 -0.280967 0.210099 60.1955 7.23404 1017.27 40.0253
0.174_4.95 -154.686 5.3543 -0.1715 0.220314 63.1327 8.44762 1377 50.7563
0.174_5.04 -151.226 3.81839 -0.3848 0.122814 32.1168 7.56539 630.013 31.6385
0.174_5.13 -152.372 1.68835 -0.2978 0.103374 29.4387 7.21721 446.065 28.7502
0.174_5.22 -148.117 2.70121 -0.3784 0.0936659 43.3414 8.62447 949.227 54.0375
0.174_5.31 -152.035 4.02994 -0.320767 0.12309 70.424 10.333 1433.25 66.3435
0.174_5.40 -153.918 2.4421 -0.205967 0.0824326 105.002 11.1456 2237.46 75.7293
0.174_5.49 -152.897 2.16465 -0.222967 0.0950224 107.259 12.1617 2476.9 73.7487
0.174_5.58 -150.807 1.08763 -0.321667 0.0487363 70.5073 8.37601 1279.11 66.1872
0.174_5.67 -152.659 0.975608 -0.347667 0.0549778 83.7625 9.48227 1367.22 67.465
0.261_0 -150.265 3.67636 -0.327167 0.123184 14.6116 3.41471 228.356 18.258
0.261_0.10 -156.262 1.0854 -0.247333 0.0436374 51.9929 6.2206 574.548 28.6436
0.261_0.20 -151.869 1.79865 -0.3253 0.0651765 69.3917 8.19347 866.936 34.9887
0.261_0.30 -152.27 2.05139 -0.2022 0.0703948 69.8665 8.23944 1001.15 53.3243
0.261_0.40 -151.346 1.82383 -0.251833 0.0714864 36.5646 5.32051 625.037 50.1068
0.261_0.50 -153.017 0.889438 -0.319233 0.0560501 29.6199 2.77366 399.637 29.8746
0.261_0.60 -152.957 1.22403 -0.250733 0.0984175 26.758 3.50297 368.317 27.6778
0.261_0.70 -147.294 7.96294 -0.296467 0.178243 12.2919 2.62016 177.82 24.0448
0.261_0.80 -147.599 2.876 -0.1889 0.0884439 20.8995 4.42904 336.708 35.6258
0.261_0.90 -147.28 5.1065 -0.228267 0.13907 16.4161 3.62512 256.803 31.9583
0.261_1.00 -150.604 1.14755 -0.271933 0.134215 26.9579 3.54842 377.803 36.3663
0.261_1.10 -151.11 1.5723 -0.323367 0.134756 26.3155 4.50473 546.119 34.4011
0.261_1.20 -152.442 2.97232 -0.3447 0.149641 14.9946 3.7238 396.992 37.4838
0.261_1.30 -155.66 0.629609 -0.151367 0.0672215 45.1338 7.16802 724.322 46.2086
0.261_1.40 -155.4 0.640495 -0.0543333 0.0641967 43.6394 5.78138 667.864 44.855
0.261_1.50 -156.436 8.31511 -0.2934 0.116532 9.11928 2.01397 132.025 9.488
0.261_1.60 -152.505 2.84943 -0.235333 0.111631 23.0986 4.29971 430.913 29.8432
0.261_1.70 -151.509 1.30557 -0.200067 0.075885 30.87 5.07201 456.906 30.0735
0.261_1.80 -155.145 0.980242 -0.286533 0.0424136 27.4882 4.70545 349.7 28.6141
0.261_1.90 -154.33 1.17204 -0.247867 0.0441103 72.9982 9.2439 994.585 58.4777
0.261_2.00 -152.502 5.79842 -0.293367 0.136377 19.4861 3.76671 355.538 31.0713
0.261_2.10 -150.584 2.66594 -0.2421 0.121809 42.6766 8.36296 917.805 52.6226
0.261_2.20 -150.674 0.539065 -0.271333 0.0244449 104.747 12.4692 2439.37 51.0785
0.261_2.30 -151.596 0.570509 -0.289733 0.0211297 161.142 15.2014 3628.2 90.7411
0.261_2.40 -151.696 1.00327 -0.246733 0.0386678 105.429 11.8051 2489.43 76.0688
0.261_2.50 -152.719 4.23127 -0.309533 0.153215 107.405 11.7454 1922.73 56.8446
0.261_2.60 -152.423 2.09505 -0.361467 0.0707784 74.8086 9.34271 1279.78 31.3194
0.261_2.70 -152.594 2.94121 -0.317767 0.0777741 38.7802 5.435 521.389 21.8224
0.261_2.80 -156.024 2.43639 -0.2796 0.0761882 31.5763 5.63874 426.271 29.7896
0.261_2.90 -153.426 0.799286 -0.3132 0.0284961 47.1514 5.36007 691.251 32.5489
0.261_3.00 -152.629 1.32935 -0.375233 0.102983 43.008 6.46439 888.144 39.8331
0.261_3.10 -153.673 0.799764 -0.326967 0.0392454 53.0019 9.08037 868.505 45.2729
0.261_3.20 -154.598 1.32528 -0.230633 0.0686124 46.1095 8.07564 710.598 32.8393
0.261_3.30 -154.301 2.42725 -0.3856 0.0887737 27.469 5.35931 552.821 31.5618
0.261_3.40 -154.995 1.12599 -0.186067 0.0552123 42.0742 6.9783 630.045 29.8406
0.261_3.50 -153.763 0.79833 -0.262833 0.0484043 54.3782 6.95862 737.335 34.8822
0.261_3.60 -153.414 0.831332 -0.350667 0.0438812 68.5854 12.6672 1603.85 46.1347
0.261_3.70 -154.376 0.3861 -0.357333 0.0210449 179.028 16.1185 3293.76 82.9221
0.261_3.80 -154.926 0.590289 -0.314167 0.0412428 154.777 16.2029 3605.27 79.7828
0.261_3.90 -154.362 0.501761 -0.264967 0.0233823 165.596 18.6779 3913.54 61.3127
0.261_4.00 -154.584 0.406407 -0.263067 0.02464 225.789 20.2174 4553.06 68.6853
0.261_4.10 -154.103 0.866481 -0.3734 0.0421225 96.281 11.1216 1557.66 52.2211
0.261_4.20 -153.266 1.35252 -0.320133 0.0591359 58.5494 9.02661 1494.73 64.1253
0.261_4.30 -152.244 0.314215 -0.3132 0.0289141 117.112 13.2632 2174.36 67.6597
0.261_4.40 -153.119 0.662741 -0.186533 0.126621 110.122 12.1531 2391.92 79.7992
0.261_4.50 -154.997 0.779865 -0.1089 0.0774962 84.6123 9.816 1354.86 69.3669
0.261_4.60 -153.378 0.856989 -0.266933 0.0629714 40.8737 6.23996 759.684 38.8362
0.261_4.70 -153.277 1.45949 -0.220133 0.0909929 24.36 3.91859 353.094 31.8999
0.261_4.80 -156.031 6.11827 -0.237767 0.21179 9.67292 1.88765 118.446 20.6614
0.261_4.90 -157.683 3.45176 -0.176333 0.186369 10.7768 2.03472 275.207 35.0352
0.261_5.00 -151.777 2.77604 -0.313167 0.161908 32.6077 6.27893 487.38 28.8255
0.261_5.10 -148.59 1.75152 -0.241167 0.129701 48.5383 7.22271 785.354 36.3365
0.261_5.20 -149.105 0.763181 -0.3137 0.0643033 59.4466 9.20966 1319.38 49.663
0.261_5.30 -158.767 6.65402 -0.1774 0.170858 39.3706 7.6434 1077.1 49.0451
0.261_5.40 -156.126 2.75856 -0.227167 0.102549 90.8472 11.4309 1968.04 48.9958
0.261_5.50 -155.389 0.960593 -0.194967 0.0368429 129.599 11.7468 3012.71 71.6781
0.261_5.60 -153.273 1.4673 -0.262667 0.0566294 115.638 11.0372 2485.45 77.2394
0.261_5.70 -152.285 1.31572 -0.3009 0.0533859 100.927 10.8145 1694.48 55.9888
0.261_5.80 -151.194 0.844828 -0.267967 0.0406604 48.1287 7.68295 907.287 49.6276
0.261_5.90 -150.911 0.900456 -0.2669 0.0801369 62.5932 7.65684 983.689 55.7437
0.348_0 -160.335 9.92681 -0.330833 0.152701 16.6275 3.32325 473.69 46.3947
0.348_0.11 -154.167 3.65539 -0.175267 0.145386 24.6945 3.68296 403.235 47.2417
0.348_0.22 -149.671 4.02546 -0.354733 0.121858 40.0028 5.42077 525.679 33.4853
0.348_0.33 -148.207 3.18647 -0.323833 0.105181 51.1014 6.93967 655.226 42.7566
0.348_0.44 -149.52 2.17009 -0.3344 0.109729 46.7507 7.64206 1378.6 58.5784
0.348_0.55 -153.207 0.596445 -0.220767 0.0283645 59.4855 5.79365 945.803 41.2362
0.348_0.66 -153.883 4.7234 -0.2364 0.173769 10.554 2.50577 173.816 18.2325
0.348_0.77 -147.36 3.4831 -0.230733 0.125989 21.4667 4.21553 350.205 33.2262
0.348_0.88 -147.039 0.793292 -0.145867 0.072557 37.1101 5.69678 484.922 41.2267
0.348_0.99 -151.081 1.99071 -0.145733 0.101003 27.3972 4.96329 407.933 35.8732
0.348_1.10 -159.902 3.90835 -0.174867 0.15387 25.4203 5.42737 686.856 38.4295
0.348_1.21 -163.92 4.72795 -0.247067 0.12411 15.1677 4.23255 346.169 23.4593
0.348_1.32 -154.863 1.48147 -0.298433 0.100167 27.3416 5.02896 482.659 46.2554
0.348_1.43 -156.134 4.30176 -0.315867 0.176699 8.79731 1.93727 134.092 7.52877
0.348_1.54 -155.114 4.93865 -0.284133 0.175423 9.47607 2.32092 129.703 18.2648
0.348_1.65 -150.896 3.20065 -0.1436 0.119624 17.7487 3.94273 240.147 26.9035
0.348_1.76 -153.789 4.671 -0.238967 0.150649 17.5241 3.627 249.738 15.2647
0.348_1.87 -155.221 2.82955 -0.284633 0.110444 46.4011 5.82406 586.327 33.7636
0.348_1.98 -159.406 2.17476 -0.0479 0.0935403 82.5719 9.18074 1795.53 95.9313
0.348_2.09 -152.109 3.46731 -0.2888 0.12695 61.8293 8.53788 1352.76 79.3357
0.348_2.20 -150.777 0.420124 -0.265933 0.0218387 121.764 13.225 2491.68 61.6605
0.348_2.31 -151.846 0.302794 -0.243567 0.0192738 239.362 17.7032 4900.34 115.378
0.348_2.42 -151.248 0.349138 -0.267567 0.0156507 149.43 15.8786 3229.05 74.548
0.348_2.53 -158.98 5.79686 -0.0919 0.158181 73.2449 10.1672 1423.88 37.0943
0.348_2.64 -163.047 2.72401 -0.071 0.0923562 34.7243 7.22482 550.153 21.9709
0.348_2.75 -153.722 3.92651 -0.292467 0.0988179 27.0631 4.1538 414.761 26.5523
0.348_2.86 -154.408 1.34859 -0.3192 0.118506 29.9001 4.67112 438.067 30.2017
0.348_2.97 -156.341 0.872138 -0.247533 0.0630993 56.5797 8.50224 1028.88 37.4438
0.348_3.08 -153.362 0.384217 -0.293733 0.0289124 98.3508 10.3736 1243.28 41.8001
0.348_3.19 -154.834 0.566951 -0.3151 0.042573 91.7325 11.4991 1412.99 52.4911
0.348_3.30 -156.21 1.19629 -0.245067 0.0541374 72.033 10.2722 1336.47 43.0281
0.348_3.41 -154.89 0.672731 -0.214333 0.0390456 83.3361 10.0429 1357.71 57.0913
0.348_3.52 -153.936 0.822574 -0.343533 0.0612681 55.6606 8.64596 932.093 39.0073
0.348_3.63 -155.299 0.619676 -0.3745 0.0524603 270.427 20.2782 7171.65 136.094
0.348_3.74 -154.609 0.350931 -0.354433 0.0246065 340.243 20.9071 7266.52 134.395
0.348_3.85 -154.165 0.444531 -0.341367 0.0321258 174.769 15.7338 3885.76 93.1872
0.348_3.96 -155.4 0.433243 -0.287467 0.0187256 227.102 17.5717 3991.75 66.6121
0.348_4.07 -155.488 2.89567 -0.2249 0.151143 107.759 12.2928 2457.36 57.5704
0.348_4.18 -154.2 2.1679 -0.283 0.0843347 81.2939 11.4049 1893.1 48.9367
0.348_4.29 -151.67 0.98344 -0.3392 0.0384746 92.0312 12.8009 1787.77 69.5992
0.348_4.40 -152.561 1.50383 -0.241633 0.109903 86.6195 11.2499 1975.06 65.4461
0.348_4.51 -152.983 1.44608 -0.2193 0.115069 37.5419 6.13277 732.908 49.071
0.348_4.62 -152.962 1.01082 -0.3078 0.0856673 40.7975 7.15047 888.732 43.6694
0.348_4.73 -151.93 1.91054 -0.138533 0.063141 18.3259 3.64852 253.916 33.8512
0.348_4.84 -151.732 1.00305 -0.194233 0.0607147 26.1179 4.92023 396.028 33.3337
0.348_4.95 -152.496 2.07453 -0.227567 0.120992 21.5738 4.8891 475.17 33.4405
0.348_5.06 -151.615 1.10443 -0.293333 0.0879482 44.979 7.12955 819.407 34.6984
0.348_5.17 -152.051 0.798059 -0.311733 0.080723 62.6345 10.7532 1393.98 48.4784
0.348_5.28 -152.495 1.12305 -0.1845 0.126862 49.3711 9.11472 1043.24 39.5432
0.348_5.39 -157.59 2.00394 -0.214167 0.0787081 48.2562 6.08076 933.122 50.4547
0.348_5.50 -157.341 1.27329 -0.167633 0.0422903 95.5722 8.4888 1891.64 79.673
0.348_5.61 -152.17 0.741049 -0.344833 0.0301934 117.231 10.828 2394.1 68.4968
0.348_5.72 -153.964 1.84477 -0.244733 0.0646694 151.869 11.7769 2785.31 65.656
0.348_5.83 -150.409 0.814979 -0.3198 0.0333121 119.445 11.8196 2182.63 53.7462
0.348_5.94 -151.648 2.22611 -0.2004 0.0961581 51.6888 8.11941 1053.16 39.725
0.348_6.05 -146.534 2.18891 -0.416733 0.0921224 44.26 7.71512 846.087 32.0023
0.436_0 -164.291 9.25979 -0.438633 0.0763688 29.9374 4.46119 1052.34 67.0325
0.436_0.12 -160.162 9.6823 -0.300367 0.171419 30.5536 4.76521 1360.87 68.7047
0.436_0.24 -150.444 3.30748 -0.3919 0.0949873 14.4899 3.42085 141.095 12.1822
0.436_0.36 -145.138 9.35045 -0.387233 0.164521 29.7786 4.78211 512.427 29.8107
0.436_0.48 -150.009 2.33386 -0.287 0.113961 44.1951 9.27476 1774.06 61.8023
0.436_0.60 -154.39 3.93604 -0.2457 0.157538 13.8719 2.99938 237.536 18.8859
0.436_0.72 -146.663 1.54171 -0.3133 0.145906 14.9408 2.89247 143.454 25.9654
0.436_0.84 -148.32 2.68653 -0.1043 0.107267 30.2265 6.64378 527.989 36.6873
0.436_0.96 -148.31 1.80564 -0.0829667 0.0624334 26.7212 5.91208 427.431 22.6242
0.436_1.08 -158.856 2.90188 -0.1668 0.109311 25.4353 6.29811 386.004 23.053
0.436_1.20 -162.69 9.6965 -0.265033 0.156211 14.9172 4.24844 336.319 27.6348
0.436_1.32 -152.254 3.79496 -0.163467 0.128056 23.6916 6.58433 408.515 38.933
0.436_1.44 -152.076 3.36546 -0.236633 0.132705 19.4096 4.5331 227.549 17.6559
0.436_1.56 -149.21 6.72398 -0.366367 0.120072 9.38184 2.24381 59.7142 7.50291
0.436_1.68 -156.8 5.63499 -0.1632 0.165542 14.7116 3.29502 216.589 29.0607
0.436_1.80 -153.349 2.94647 -0.3845 0.111484 30.4052 5.88999 557.02 24.906
0.436_1.92 -154.099 1.2115 -0.324733 0.0724071 121.542 13.4221 2620.89 183.539
0.436_2.04 -156.339 2.7325 -0.143367 0.138212 110.348 10.8065 2766.19 122.852
0.436_2.16 -152.999 4.5076 -0.211933 0.157475 30.6446 5.90727 834.771 37.5925
0.436_2.28 -152.597 0.504669 -0.335933 0.0345098 143.058 13.4199 2636.09 83.8663
0.436_2.40 -151.974 0.381671 -0.278633 0.027133 152.45 14.9197 2922.09 86.2742
0.436_2.52 -151.101 8.0958 -0.330067 0.18502 43.2315 7.21748 1408.92 43.7353
0.436_2.64 -164.192 0.741333 -0.0254667 0.0241215 49.5462 7.72849 723.903 28.1626
0.436_2.76 -156.439 9.05687 -0.233633 0.200445 18.2661 3.17453 264.488 27.9046
0.436_2.88 -151.899 1.39876 -0.241533 0.0891885 62.0789 9.73453 1039.65 34.2336
0.436_3.00 -154.445 0.605814 -0.2084 0.0422213 179.9 15.6193 3456.32 61.9796
0.436_3.12 -154.203 0.304065 -0.2641 0.0242003 284.393 20.6798 4969.78 83.0717
0.436_3.24 -155.9 1.03313 -0.288533 0.0706407 159.439 18.2813 3096.95 52.9437
0.436_3.36 -154.275 0.644535 -0.2388 0.045339 125.94 15.9397 2680.42 59.0981
0.436_3.48 -154.347 0.32438 -0.245033 0.0207026 239.753 20.4699 4914.34 92.8321
0.436_3.60 -154.865 0.593022 -0.287067 0.0528891 492.07 27.3541 13986.5 184.861
0.436_3.72 -154.676 0.489123 -0.3397 0.0423065 444.224 25.7506 11780.8 177.925
0.436_3.84 -155.445 0.655697 -0.360833 0.0364734 79.9146 11.2566 1538.61 41.3759
0.436_3.96 -155.657 0.537201 -0.3148 0.0218486 105.656 13.8299 2241.13 58.4667
0.436_4.08 -153.414 2.53839 -0.209767 0.118765 52.7074 8.58733 1081.26 41.8928
0.436_4.20 -151.034 2.32541 -0.377767 0.0775767 76.8382 11.605 1360.2 56.494
0.436_4.32 -154.912 2.6195 -0.1925 0.108016 46.6163 5.19365 617.531 50.7224
0.436_4.44 -152.301 2.31354 -0.2527 0.10692 34.6325 5.77053 725.334 39.6519
0.436_4.56 -150.702 3.0025 -0.432733 0.0980904 50.9976 6.37851 713.895 26.0539
0.436_4.68 -150.244 2.63361 -0.436867 0.0855986 52.7057 6.72306 968.181 40.074
0.436_4.80 -151.942 0.606059 -0.191967 0.0821312 37.9378 4.81991 431.826 39.5476
0.436_4.92 -151.125 1.32711 -0.1581 0.127102 27.7571 4.23191 363.544 31.3151
0.436_5.04 -150.104 2.05038 -0.154633 0.108612 27.3661 5.32178 633.364 37.3425
0.436_5.16 -153.054 0.575225 -0.283 0.0379078 56.6893 8.0803 992.377 42.9772
0.436_5.28 -153.807 0.512792 -0.3224 0.0334281 85.9597 9.50072 1199.08 44.4712
0.436_5.40 -154.956 0.989982 -0.282033 0.0611484 76.3479 8.84281 1292.94 61.4381
0.436_5.52 -155.267 1.26973 -0.351633 0.129705 44.3625 6.55538 800.105 78.8485
0.436_5.64 -154.984 1.11762 -0.356633 0.0393285 45.0483 4.82341 629.22 37.754
0.436_5.76 -153.096 2.4244 -0.259467 0.0828982 116.574 12.4792 2292.46 56.8448
0.436_5.88 -148.005 0.872052 -0.431133 0.0351347 114.318 12.6135 2107.05 63.7331
0.436_6.00 -152.675 3.36455 -0.232733 0.143939 36.0826 6.55843 654.489 36.1979
0.436_6.12 -151.103 7.88277 -0.3872 0.109862 21.8864 4.70396 533.551 36.8828
0.523_0 -144.549 3.83787 -0.367467 0.147668 27.7462 4.72175 669.922 53.7351
0.523_0.13 -152.901 5.98098 -0.235033 0.190672 30.5652 6.00968 1415.48 68.7295
0.523_0.26 -149.459 2.82359 -0.363667 0.185801 23.1617 4.17813 607.627 44.0372
0.523_0.39 -157.358 4.50234 -0.215367 0.132433 26.7125 5.53612 394.462 19.2989
0.523_0.52 -151.572 3.98801 -0.3328 0.125806 29.3894 5.26383 478.824 24.2239
0.523_0.65 -155.891 4.21892 -0.0908667 0.125306 19.5787 4.03983 255.463 20.6843
0.523_0.78 -149.503 1.60559 -0.219533 0.0940109 33.495 7.8156 875.997 30.7648
0.523_0.91 -150.675 0.917792 -0.347833 0.0453097 28.3159 3.46472 242.418 15.8495
0.523_1.04 -154.411 2.96657 -0.197933 0.110565 35.4718 5.41713 561.325 19.8028
0.523_1.17 -158.886 2.91409 -0.2308 0.137709 17.1788 2.80937 269.145 27.0951
0.523_1.30 -151.655 0.51892 -0.082 0.0685857 35.0008 6.48893 484.389 55.1396
0.523_1.43 -151.118 2.21805 -0.189367 0.0907168 28.8011 5.62321 390.469 30.8391
0.523_1.56 -150.927 5.50485 -0.310367 0.0726072 14.3099 3.08026 117.791 7.73469
0.523_1.69 -152.919 2.4367 -0.291833 0.0881607 24.5506 4.24622 367.07 21.8956
0.523_1.82 -152.208 0.717618 -0.286467 0.0866328 108.489 12.0435 1770.63 70.4107
0.523_1.95 -152.583 0.848024 -0.286667 0.0518095 124.176 13.413 2234.43 160.148
0.523_2.08 -155.652 3.28598 -0.1588 0.136864 38.3531 7.68752 661.574 36.5021
0.523_2.21 -151.448 0.905408 -0.363 0.03709 42.0968 5.67392 781.346 37.7096
0.523_2.34 -152.442 1.05813 -0.318433 0.0952996 59.9125 10.2713 1416.58 54.6517
0.523_2.47 -149.663 2.49588 -0.3745 0.106377 52.5195 10.5755 1492.35 54.6915
0.523_2.60 -148.331 3.72912 -0.403767 0.120048 38.4876 6.26368 972.15 43.5947
0.523_2.73 -155.371 3.31346 -0.212133 0.138763 25.3109 5.50138 439.836 26.6483
0.523_2.86 -153.023 0.58217 -0.197033 0.0413578 109.877 13.0355 1916.72 44.8389
0.523_2.99 -153.799 0.385269 -0.251467 0.0291133 516.291 30.461 10504.1 101.224
0.523_3.12 -154.67 0.31951 -0.260667 0.026234 416.789 24.4374 7579.65 111.893
0.523_3.25 -155.592 0.597911 -0.3278 0.0713084 171.99 16.6088 3699.16 65.9952
0.523_3.38 -154.504 0.52973 -0.247533 0.042279 315.792 22.3552 7326.11 109.993
0.523_3.51 -153.725 0.338046 -0.2331 0.0365266 507.467 29.006 12195.4 165.673
0.523_3.64 -153.81 0.466083 -0.284433 0.0677605 410.585 25.8624 11231.5 176.062
0.523_3.77 -154.271 0.667616 -0.3031 0.0430603 99.5599 11.9967 2019.27 51.1167
0.523_3.90 -154.263 1.82216 -0.353133 0.0697083 42.619 7.07171 626.058 37.6644
0.523_4.03 -155.083 1.31207 -0.3267 0.054958 80.7222 12.9797 1820.33 55.1714
0.523_4.16 -149.902 0.958938 -0.449167 0.0328071 87.9024 11.5095 1583.6 51.3148
0.523_4.29 -152.558 1.1818 -0.311733 0.0818425 58.2901 7.80827 827.11 42.1211
0.523_4.42 -152.7 2.30842 -0.305567 0.0925016 39.6251 7.63648 851.749 52.9253
0.523_4.55 -153.632 1.09635 -0.312067 0.0824758 21.2194 4.35061 300.654 24.9325
0.523_4.68 -150.275 0.592136 -0.462767 0.00796736 49.4898 5.65127 648.434 40.6814
0.523_4.81 -152.498 0.61457 -0.3555 0.0567458 44.0039 5.0556 649.854 42.7882
0.523_4.94 -149.589 1.11853 -0.281367 0.0600339 24.4286 3.49048 360.198 33.5762
0.523_5.07 -152.063 1.98192 -0.223067 0.118352 26.4108 5.05155 466.075 40.6689
0.523_5.20 -152.729 0.926919 -0.2773 0.0358624 32.8431 5.81641 388.092 36.7532
0.523_5.33 -153.546 0.611135 -0.3021 0.0311992 64.3121 6.72201 955.487 27.3598
0.523_5.46 -154.115 1.52676 -0.3194 0.0900084 44.3244 7.12132 717.407 42.6609
0.523_5.59 -153.258 1.61529 -0.246367 0.0804906 22.1307 4.53654 243.208 20.6292
0.523_5.72 -153.561 1.47234 -0.139833 0.0774875 41.398 7.16226 576.539 27.185
0.523_5.85 -148.365 2.37189 -0.377967 0.103881 119.531 12.0041 2286.47 75.2768
0.523_5.98 -150.124 1.5426 -0.288333 0.105703 69.1428 9.4133 1044.43 55.8303
0.523_6.11 -151.396 3.03646 -0.247433 0.12688 25.9392 4.08088 311.027 34.0034
0.610_0 -155.23 4.20756 -0.148267 0.137767 28.1772 4.63155 410.716 24.4251
0.610_0.14 -150.232 2.19165 -0.3535 0.070749 30.7422 5.8157 701.62 35.0581
0.610_0.28 -148.598 2.02878 -0.410233 0.132756 29.5127 4.47128 650.625 53.0478
0.610_0.42 -156.207 4.94159 -0.215567 0.143668 28.4022 5.15171 455.707 24.9141
0.610_0.56 -155.453 3.58635 -0.145367 0.115273 15.6742 2.78193 209.744 12.0502
0.610_0.70 -153.04 3.03543 -0.152733 0.101336 37.9137 6.79051 534.805 25.1599
0.610_0.84 -152.935 1.52145 -0.369167 0.0568768 32.3543 6.04379 420.511 23.3175
0.610_0.98 -152.079 4.39941 -0.3238 0.12107 31.3949 5.1107 484.161 20.6983
0.610_1.12 -154.548 1.29778 -0.262067 0.0609502 39.345 5.86681 625.921 33.5468
0.610_1.26 -152.352 0.743391 -0.342967 0.109288 48.9346 5.99958 562.923 49.5146
0.610_1.40 -151.094 0.845161 -0.2588 0.105212 86.6226 13.1026 1581.93 56.4514
0.610_1.54 -149.523 3.13295 -0.135767 0.150492 35.4563 7.20332 777.527 36.8692
0.610_1.68 -153.561 0.629051 -0.163667 0.0485512 78.4768 9.02055 980.436 38.064
0.610_1.82 -153.72 0.777101 -0.2115 0.137727 70.8678 8.68477 965.512 39.0466
0.610_1.96 -153.078 2.66394 -0.274933 0.13582 62.6171 9.19033 961.875 33.8383
0.610_2.10 -152.502 0.533226 -0.338133 0.0383003 91.4121 9.46184 1217.31 50.8331
0.610_2.24 -152.473 0.666 -0.323933 0.0501331 89.0054 11.4997 1622.65 55.0045
0.610_2.38 -148.5 7.27605 -0.254633 0.126264 32.249 7.20881 1125.33 46.1593
0.610_2.52 -153.124 1.16288 -0.334767 0.077208 60.1835 8.0913 1161.24 47.2199
0.610_2.66 -152.513 1.08184 -0.322567 0.0770948 58.214 9.2998 1040.33 50.0349
0.610_2.80 -155.761 1.55948 -0.148733 0.0778263 98.5551 10.708 1820.45 50.1011
0.610_2.94 -153.43 0.526732 -0.2446 0.0354538 343.386 26.1265 8601.16 98.5566
0.610_3.08 -154.2 0.514943 -0.255333 0.037473 487.096 25.88 10217.5 121.372
0.610_3.22 -154.427 0.295724 -0.3415 0.0334078 406.446 26.7476 8396.74 122.453
0.610_3.36 -154.238 0.306305 -0.307 0.0266896 556.831 29.6741 13329.9 191.269
0.610_3.50 -153.451 0.235157 -0.219833 0.0322744 578.975 29.1794 12486.7 201.172
0.610_3.64 -153.089 0.46044 -0.308833 0.0349424 217.739 16.5592 3976.33 81.3146
0.610_3.78 -154.568 0.52697 -0.3142 0.0492608 63.2946 7.77545 875.708 43.7722
0.610_3.92 -156.241 0.796676 -0.328367 0.0667628 44.4529 6.60519 569.085 26.7623
0.610_4.06 -153.582 1.80888 -0.3622 0.0833992 126.474 16.6492 2855.72 60.4427
0.610_4.20 -152.211 1.35311 -0.363167 0.0640701 161.329 14.508 2914.53 56.6099
0.610_4.34 -153.357 0.97829 -0.285067 0.057366 78.5357 9.37747 965.708 35.5952
0.610_4.48 -152.044 0.643637 -0.254067 0.0846758 39.5224 8.62504 639.082 43.686
0.610_4.62 -151.942 0.46019 -0.418933 0.0450518 26.843 3.79745 311.609 34.4317
0.610_4.76 -154.727 1.26858 -0.2537 0.123683 31.9106 4.37913 408.843 34.4452
0.610_4.90 -151.423 1.70515 -0.3215 0.0768337 17.8137 2.59676 250.805 32.2037
0.610_5.04 -151.061 3.83275 -0.330433 0.140139 11.5236 2.41481 162.117 28.7885
0.610_5.18 -156.033 1.72894 -0.287533 0.0687909 13.0561 3.45757 137.271 13.8976
0.610_5.32 -153.693 1.7654 -0.288867 0.0741192 48.4105 7.10064 1133.98 32.2366
0.610_5.46 -149.933 3.28002 -0.230567 0.171841 29.1756 5.72546 607.794 29.5277
0.610_5.60 -153.99 1.43192 -0.266833 0.0880017 20.2701 4.34374 276.768 23.5388
0.610_5.74 -153.634 0.977156 -0.130767 0.0665623 41.715 6.84567 598.946 33.0985
0.610_5.88 -151.141 2.67667 -0.206933 0.110131 89.5849 12.0365 2021.46 77.1978
0.610_6.02 -149.45 2.02326 -0.2741 0.0913217 78.2597 10.2351 1436.87 64.0616
0.697_0 -153.451 3.24595 -0.2323 0.101929 35.9045 5.54422 595.189 43.4738
0.697_0.15 -151.464 1.90131 -0.306533 0.069202 61.8076 7.66335 1455.35 61.7211
0.697_0.30 -147.182 2.61815 -0.389 0.10818 38.07 6.36939 1497.63 97.4294
0.697_0.45 -149.183 3.02 -0.3358 0.115779 40.7685 5.76021 1189.56 93.0617
0.697_0.60 -155.646 9.44582 -0.166333 0.160607 8.12604 2.40521 122.123 16.8513
0.697_0.75 -154.135 2.78547 -0.251067 0.077516 14.1484 3.47956 143.451 15.9174
0.697_0.90 -152.436 3.43678 -0.400333 0.108814 16.7167 2.91897 169.848 18.1019
0.697_1.05 -156.656 6.77329 -0.296867 0.111942 17.1475 4.49376 346.225 29.8809
0.697_1.20 -152.789 1.01177 -0.310167 0.0573205 38.2473 6.13587 618.323 36.8666
0.697_1.35 -151.417 0.885594 -0.262 0.0821178 85.3161 12.2539 1518.79 45.1408
0.697_1.50 -152.233 0.72981 -0.343767 0.0624949 87.4203 11.5003 1437.42 49.0659
0.697_1.65 -152.83 0.617991 -0.2475 0.0467056 92.1055 10.4887 1210.12 48.8436
0.697_1.80 -153.612 1.09527 -0.246367 0.187047 73.1244 9.03973 955.25 35.8914
0.697_1.95 -153.459 0.718581 -0.243 0.0398706 66.4507 9.12169 1048.48 49.5369
0.697_2.10 -152.872 0.549876 -0.2806 0.0409444 114.954 11.7021 1822.37 64.1227
0.697_2.25 -152.703 1.25646 -0.277567 0.0881794 115.305 12.5808 2080.17 60.8275
0.697_2.40 -152.318 1.6686 -0.399233 0.100411 60.0744 9.67887 1828.66 53.2294
0.697_2.55 -153.194 0.739615 -0.3491 0.0972745 118.86 12.6639 2865.22 102.752
0.697_2.70 -154.435 0.683046 -0.210433 0.0491082 183.788 15.2977 3236.17 90.7274
0.697_2.85 -154.264 0.679636 -0.2195 0.0574347 207.256 17.3439 4385.61 93.5544
0.697_3.00 -153.696 0.303508 -0.2659 0.0243322 350.018 22.75 7218.66 117.129
0.697_3.15 -153.311 0.231327 -0.2736 0.0286794 479.464 28.235 9749.14 131.564
0.697_3.30 -154.147 0.338559 -0.296767 0.0260002 376.535 26.3707 9899.52 143.541
0.697_3.45 -153.515 0.196939 -0.260133 0.027983 598.085 29.8732 11795.1 196.12
0.697_3.60 -153.267 0.498464 -0.309767 0.0393753 167.868 13.3002 2845.78 85.3242
0.697_3.75 -155.193 1.92579 -0.2447 0.133073 44.0032 6.79456 825.437 39.8515
0.697_3.90 -156.621 0.915466 -0.3389 0.0634796 40.6009 6.71581 545.087 34.8185
0.697_4.05 -153.869 0.557809 -0.3415 0.0412078 91.641 10.1435 1210.79 47.6832
0.697_4.20 -153.88 1.48561 -0.290933 0.0651864 96.3117 10.5592 1699.82 41.5144
0.697_4.35 -157.793 2.14972 -0.139933 0.0806895 26.8707 4.32537 370.898 20.8462
0.697_4.50 -149.988 1.23719 -0.383433 0.106783 24.4579 5.64788 239.017 31.0589
0.697_4.65 -152.357 1.40558 -0.352467 0.0616683 28.3418 4.97529 472.715 37.1088
0.697_4.80 -160.919 8.93733 -0.229767 0.187408 14.7869 3.70933 278.237 20.8975
0.697_4.95 -157.394 6.87888 -0.298867 0.132112 12.8858 2.98936 197.752 27.558
0.697_5.10 -158.168 3.1137 -0.330633 0.114223 14.3596 3.4808 142.389 14.5288
0.697_5.25 -157.149 3.15875 -0.1439 0.102106 13.6554 2.92327 198.458 16.0999
0.697_5.40 -149.565 3.64719 -0.2428 0.134261 34.5553 7.28699 1102.53 52.0404
0.697_5.55 -150.498 2.05367 -0.2697 0.0925194 57.9002 7.68551 1246.4 53.2893
0.697_5.70 -149.972 0.784187 -0.273367 0.049819 54.1851 6.2238 696.91 33.3498
0.697_5.85 -153.567 2.58513 -0.1596 0.126238 40.8202 7.3725 791.121 34.2085
0.785_0 -151.101 3.4731 -0.387367 0.126953 20.7697 3.32908 405.183 37.2706
0.785_0.17 -153.882 2.9455 -0.248233 0.11328 130.28 11.5043 2580.9 82.7498
0.785_0.34 -148.013 2.77328 -0.3667 0.111921 171.133 10.7855 3981.89 141.457
0.785_0.51 -148.772 2.21339 -0.375133 0.106674 103.131 11.2464 2317.49 110.386
0.785_0.68 -153.434 3.0442 -0.260267 0.13139 25.2257 4.66678 448.268 25.0899
0.785_0.85 -150.709 2.20257 -0.347933 0.0924583 14.862 3.39281 240.707 28.3775
0.785_1.02 -153.513 5.02439 -0.158167 0.155157 12.8888 3.41539 380.27 33.7426
0.785_1.19 -153.632 4.80573 -0.281367 0.153959 19.8385 4.38354 481.592 32.9608
0.785_1.36 -153.269 0.991036 -0.2615 0.0388169 40.1573 6.33329 495.779 20.0894
0.785_1.53 -153.004 0.820578 -0.3704 0.0436544 47.4467 5.82055 465.699 24.9569
0.785_1.70 -154.802 1.2589 -0.392333 0.065979 96.4399 13.4235 1351.48 41.1693
0.785_1.87 -153.469 1.32849 -0.383467 0.0802354 55.5276 10.824 1180.95 48.7896
0.785_2.04 -153.358 0.468653 -0.325467 0.0290606 118.678 12.7468 2823.8 74.2336
0.785_2.21 -152.145 0.813149 -0.3247 0.0487495 180.604 15.3661 3147.37 90.7136
0.785_2.38 -150.304 1.14204 -0.405133 0.0598112 128.468 13.6617 2440.33 64.8275
0.785_2.55 -150.058 0.847448 -0.4265 0.0521288 175.601 19.3748 4944.18 107.351
0.785_2.72 -153.59 0.547265 -0.201133 0.0345608 308.544 22.9997 5752.03 107.138
0.785_2.89 -151.965 0.350345 -0.3077 0.0328833 306.818 21.56 5820.62 103.629
0.785_3.06 -152.602 0.208073 -0.315233 0.0201861 596.221 28.5987 10223.5 134.661
0.785_3.23 -152.682 0.238112 -0.298667 0.0201053 460.418 27.6271 9915.99 123.448
0.785_3.40 -153.56 0.419047 -0.2693 0.0212346 309.282 22.9788 6738.49 113.074
0.785_3.57 -156.76 1.09325 -0.201267 0.0400898 92.2068 9.29665 1515.64 56.0769
0.785_3.74 -157.602 1.4468 -0.253067 0.086586 37.7115 8.54419 819.962 39.1795
0.785_3.91 -155.063 0.926421 -0.330233 0.0610695 58.15 11.1094 932.754 45.8999
0.785_4.08 -153.685 0.485577 -0.300033 0.0650687 72.1136 9.20702 917.646 46.0223
0.785_4.25 -152.36 2.2832 -0.268467 0.0718381 43.9708 5.68982 726.409 35.4759
0.785_4.42 -148.569 3.39375 -0.2612 0.1067 22.025 4.59663 312.422 28.4481
0.785_4.59 -154.031 0.978818 -0.417933 0.0408313 37.6905 6.13067 654.728 36.0933
0.785_4.76 -153.547 1.27291 -0.3128 0.0688517 63.0128 9.50597 1106.96 46.5785
0.785_4.93 -154.681 2.16187 -0.3447 0.0710153 36.2809 6.60974 663.117 44.9643
0.785_5.10 -158.115 1.60641 -0.1106 0.0656286 26.2194 4.6552 229.608 20.1966
0.785_5.27 -152.091 0.51009 -0.279467 0.0247948 46.0289 5.62838 580.593 25.7021
0.785_5.44 -148.637 1.26021 -0.224933 0.0489128 135.488 14.197 3992.87 70.4552
0.785_5.61 -149.976 1.03423 -0.318633 0.0721956 160.504 14.6546 4234.04 78.5877
0.785_5.78 -150.524 0.715617 -0.3415 0.0657121 73.2639 7.96818 1039.27 45.4369
0.785_5.95 -150.781 5.43282 -0.3189 0.163078 21.9988 5.48825 513.017 24.8997
0.872_0 -152.418 1.66679 -0.4203 0.0612643 25.6507 4.64479 472.064 52.2859
0.872_0.19 -153.124 2.78411 -0.2403 0.0995589 141.479 11.5006 2134.82 63.3207
0.872_0.38 -150.812 1.63209 -0.261767 0.0637862 255.068 14.008 3883.79 121.076
0.872_0.57 -149.033 2.3345 -0.353033 0.0912655 163.693 12.7995 2924.71 89.8779
0.872_0.76 -149.777 1.35153 -0.329733 0.0784801 71.2354 9.04833 1172.62 39.0489
0.872_0.95 -149.433 1.52552 -0.333133 0.092527 42.2131 6.54187 674.887 36.322
0.872_1.14 -150.485 0.940253 -0.3413 0.120597 44.07 6.37614 766.466 43.2214
0.872_1.33 -153.28 0.873663 -0.263467 0.0482947 35.8649 5.94239 438.207 29.8426
0.872_1.52 -154.634 0.673226 -0.195667 0.0479641 40.5529 6.04156 522.041 19.9416
0.872_1.71 -155.618 2.10845 -0.347067 0.122482 83.9018 11.4987 1129.63 37.2125
0.872_1.90 -152.869 1.4442 -0.2856 0.091072 37.1045 6.18791 652.396 36.7174
0.872_2.09 -152.555 0.642813 -0.251867 0.0479178 111.03 11.364 2190.02 67.2237
0.872_2.28 -152.529 0.730008 -0.325867 0.0444055 248.522 21.291 5285.78 100.968
0.872_2.47 -150.11 0.307842 -0.440167 0.0222779 434.867 25.3574 8082.61 127.129
0.872_2.66 -149.124 0.974213 -0.411067 0.0510822 339.908 24.0245 8079.52 134.596
0.872_2.85 -152.029 0.659398 -0.275567 0.0422044 357.147 22.6748 6363.84 118.16
0.872_3.04 -151.704 0.246887 -0.3142 0.0198987 659.146 30.4057 10877.8 153.305
0.872_3.23 -152.44 0.367069 -0.228233 0.0291046 449.863 31.744 10341.7 155.452
0.872_3.42 -154.179 0.552822 -0.256667 0.0250511 267.706 18.0156 5295.8 117.544
0.872_3.61 -157.662 1.10678 -0.160633 0.0566363 128.256 12.0659 2223.47 70.6865
0.872_3.80 -158.403 1.76435 -0.2537 0.115382 51.1866 11.179 1599.17 56.957
0.872_3.99 -155.251 1.58208 -0.174933 0.0807329 45.5128 8.45589 918.759 36.7966
0.872_4.18 -153.8 2.19818 -0.204933 0.134153 32.7822 5.47542 740.246 50.0465
0.872_4.37 -150.308 2.39823 -0.268267 0.115229 27.5135 5.82185 433.718 30.1273
0.872_4.56 -152.082 3.14407 -0.4226 0.0893833 36.0946 5.9867 724.599 37.1403
0.872_4.75 -153.015 1.97478 -0.3145 0.0813352 54.5702 8.37834 994.895 41.4149
0.872_4.94 -157.104 1.73081 -0.248667 0.0644636 32.3475 7.39615 578.945 26.0572
0.872_5.13 -156.028 2.30731 -0.209167 0.0745362 28.3891 4.9448 308.353 23.6576
0.872_5.32 -152.215 0.714725 -0.352 0.034938 42.2774 6.61977 894.715 54.3631
0.872_5.51 -150.359 0.514664 -0.391 0.0404763 213.199 18.7355 5263.98 88.8846
0.872_5.70 -150.623 0.521427 -0.382733 0.0369197 156.626 14.5694 3769.29 92.4807
0.872_5.89 -152.547 2.67448 -0.212933 0.168484 33.486 6.17277 583.631 34.2761
0.959_0 -150.568 0.75471 -0.3009 0.0385148 79.6732 8.8784 1360.77 109.721
0.959_0.22 -151.054 2.78752 -0.239733 0.0972615 53.9145 6.46476 798.446 36.649
0.959_0.44 -150.16 3.33648 -0.294233 0.113212 198.106 14.4404 3048.12 69.9197
0.959_0.66 -150.492 1.51863 -0.1979 0.0602311 195.122 14.1481 3407 68.0003
0.959_0.88 -150.221 2.22721 -0.239233 0.108282 162.172 13.1871 2345.55 45.0236
0.959_1.10 -152.097 0.760279 -0.3258 0.0573361 136.513 11.4313 2070.41 55.2913
0.959_1.32 -154.322 2.02374 -0.2963 0.0852157 37.8204 6.94355 799.699 49.6558
0.959_1.54 -154.042 4.13884 -0.245367 0.137168 25.2066 5.22661 657.529 45.1066
0.959_1.76 -152.314 3.43863 -0.2983 0.11453 22.8524 4.97058 445.254 35.7949
0.959_1.98 -152.944 3.69937 -0.255733 0.114186 21.2611 4.88329 360.345 20.6464
0.959_2.20 -151.943 0.606566 -0.2295 0.035685 190.702 17.0651 5453.92 189.169
0.959_2.42 -153.223 0.298697 -0.2489 0.0334911 701.93 34.9961 18320.6 313.102
0.959_2.64 -151.216 0.637608 -0.3234 0.036106 271.276 24.9358 8320.86 148.763
0.959_2.86 -150.529 0.602267 -0.319133 0.0327869 360.524 20.7965 6762.14 123.944
0.959_3.08 -151.096 0.312064 -0.2035 0.0237925 611.031 32.4369 11086 158.997
0.959_3.30 -152.104 0.546579 -0.173833 0.0363727 301.504 28.5488 6852.74 105.985
0.959_3.52 -154.17 1.06196 -0.2719 0.0552502 169.88 14.0031 3691.53 106.759
0.959_3.74 -155.514 1.95074 -0.1993 0.0906141 98.5998 11.9604 2426.08 76.7232
0.959_3.96 -156.074 1.25105 -0.129033 0.0804467 51.7444 7.05449 901.994 40.285
0.959_4.18 -153.531 2.04454 -0.185833 0.147066 26.4827 4.71312 591.848 40.3737
0.959_4.40 -154.595 1.45042 -0.0779333 0.103363 50.0385 6.26359 992.273 51.046
0.959_4.62 -147.444 2.70636 -0.4378 0.0804543 34.2731 5.67172 498.233 32.7981
0.959_4.84 -153.701 2.15824 -0.233533 0.0768447 62.4442 6.40947 841.545 65.341
0.959_5.06 -152.227 4.00408 -0.314767 0.134813 37.3622 7.11739 651.922 46.7464
0.959_5.28 -150.335 1.1791 -0.3655 0.0589753 61.8251 8.61908 1206.9 63.6299
0.959_5.50 -150.009 0.432257 -0.3847 0.0285046 149.544 14.3566 2298.65 85.0909
0.959_5.72 -150.148 0.684127 -0.358933 0.0553985 106.822 11.4103 2016.48 60.8693
0.959_5.94 -149.745 2.12497 -0.296167 0.128796 35.2431 7.69614 784.112 49.7829
0_0 -150.7 3.69957 -0.258867 0.157407 86.4588 11.5305 2062.35 94.1723
0_0.08 -150.538 3.44461 -0.220267 0.114298 58.9566 9.30398 1271.67 62.2288
0_0.16 -155.715 7.80007 -0.206267 0.15969 20.4086 4.443 392.264 31.9572
0_0.24 -151.656 5.50969 -0.220167 0.120763 12.1316 3.43759 185.358 20.0008
0_0.32 -151.611 2.67602 -0.1512 0.123839 25.8684 4.90191 529.319 42.316
0_0.40 -150.86 3.52529 -0.251167 0.192122 24.7572 4.94079 520.969 40.7416
0_0.48 -156.18 4.79707 -0.147633 0.138669 13.867 3.51116 214.496 16.7715
0_0.56 -165.208 5.90673 -0.263167 0.108546 24.0987 5.4103 475.677 40.0737
0_0.64 -161.918 8.36953 -0.189933 0.151884 18.6397 5.35815 509.477 44.1757
0_0.72 -150.446 2.27611 -0.353333 0.090153 22.0791 4.35778 343.3 33.176
0_0.80 -147.905 1.13179 -0.3335 0.0551128 48.3724 7.26031 969.521 50.8301
0_0.88 -147.893 0.654132 -0.298 0.0405627 82.3499 10.4106 1898.19 91.4793
0_0.96 -150.338 1.17732 -0.266167 0.134451 54.0781 8.14906 1296.95 79.6168
0_1.04 -154.733 3.06233 -0.3578 0.0895371 29.687 5.55115 531.289 42.1825
0_1.12 -152.53 1.28043 -0.3537 0.0758743 28.8379 5.57316 587.011 48.6886
0_1.20 -150.948 1.37771 -0.281 0.0635741 39.6184 6.51975 708.141 25.4674
0_1.28 -150.234 2.34523 -0.325267 0.118905 51.2175 8.42792 1222.92 34.6155
0_1.36 -150.344 1.01196 -0.3487 0.0618351 65.8285 9.24009 1281.05 48.5315
0_1.44 -149.675 1.08013 -0.353733 0.0796697 66.0803 8.73432 1324.83 69.0919
0_1.52 -150.191 1.21735 -0.4267 0.0606276 55.6915 9.52114 1046.41 63.6711
0_1.60 -149.781 2.14743 -0.423367 0.0641139 29.1325 5.20227 383.641 26.8886
0_1.68 -151.681 4.09595 -0.214067 0.167895 16.3824 3.91569 275.223 16.9086
0_1.76 -151.422 2.80192 -0.3194 0.121079 22.7011 5.56434 380.773 20.4544
0_1.84 -149.933 5.21012 -0.3124 0.155216 13.1329 2.90434 171.431 15.1511
0_1.92 -153.52 2.38429 -0.328867 0.105642 15.9477 2.50622 267.024 18.1679
0_2.00 -152.968 0.896194 -0.321167 0.0705713 29.1239 4.03578 417.907 41.7449
0_2.08 -152.488 1.74236 -0.2072 0.160226 25.6791 5.66323 548.417 68.1403
0_2.16 -149.891 3.14883 -0.284733 0.139874 20.0857 4.94429 574.229 69.2741
0_2.24 -150.603 3.14702 -0.198033 0.153319 13.5908 3.20153 218.618 28.7329
0_2.32 -153.136 4.24297 -0.3246 0.123471 18.9403 4.89341 447.006 44.3314
0_2.40 -151.593 3.39136 -0.302867 0.143464 24.5751 6.43182 835.655 65.0277
0_2.48 -150.627 3.88669 -0.189867 0.117735 28.6645 5.82556 805.06 70.729
0_2.56 -150.117 1.11686 -0.0804667 0.0728527 34.8722 6.11203 625.484 57.9231
0_2.64 -150.304 1.67143 -0.0758 0.0948899 25.8547 3.85508 296.918 29.4975
0_2.72 -150.47 2.60958 -0.336067 0.0876645 41.4271 6.43759 595.865 32.8969
0_2.80 -150.907 3.94639 -0.332133 0.117765 53.2081 7.71319 837.934 42.7906
0_2.88 -155.164 2.5959 -0.226033 0.101279 38.7624 6.88613 865.259 44.4587
0_2.96 -155.969 2.32683 -0.0979333 0.119641 27.6463 5.38119 542.159 36.6454
0_3.04 -150.297 3.49122 -0.403 0.126682 33.5261 5.19596 615.067 43.4046
0_3.12 -153.619 1.8415 -0.320167 0.0730089 55.7993 10.1818 1209.44 51.5517
0_3.20 -153.071 0.709407 -0.311733 0.0530553 105.633 13.2991 1786.26 62.1618
0_3.28 -153.167 0.614292 -0.306367 0.0703378 114.676 12.5044 1964.47 48.0771
0_3.36 -152.974 0.437272 -0.325833 0.0549816 147.484 12.7265 2671.21 79.8054
0_3.44 -153.934 0.967907 -0.202067 0.0806118 152.012 13.5106 3297.82 112.99
0_3.52 -151.804 0.575196 -0.349033 0.0344529 177.833 15.1608 4221.39 121.329
0_3.60 -151.91 0.961904 -0.314167 0.0522013 114.899 15.4576 3599.58 98.9517
0_3.68 -155.844 1.60562 -0.183 0.137097 136.881 14.1063 2739.15 79.4556
0_3.76 -152.582 0.348182 -0.343467 0.030084 203.862 15.506 3163.12 69.2601
0_3.84 -152.112 0.305856 -0.303933 0.0205912 299.703 20.7695 5365.02 101.892
0_3.92 -152.91 0.256398 -0.333367 0.0352789 586.093 26.7004 11060.1 118.337
0_4.00 -152.922 0.254226 -0.303767 0.034394 613.992 29.9065 11422.2 134.77
0_4.08 -153.822 0.824541 -0.169267 0.0831801 216.134 16.0467 4611.87 101.349
0_4.16 -154.077 0.827882 -0.292533 0.046646 152.791 13.0291 3048 80.2674
0_4.24 -153.631 1.10497 -0.336067 0.0625385 70.1087 8.96543 1341.35 65.6429
0_4.32 -153.664 1.26897 -0.346167 0.0735366 30.0872 4.77728 567.931 35.0046
0_4.40 -153.009 3.09258 -0.2951 0.0907623 29.8195 5.63654 643.29 43.2523
0_4.48 -152.416 1.40291 -0.2876 0.0970346 39.0978 6.36781 730.56 28.5195
0_4.56 -153.923 1.46514 -0.2229 0.068482 44.698 6.89455 727.912 26.797
0_4.64 -152.318 1.74864 -0.2685 0.100164 36.3097 5.79202 627.501 30.1906
0_4.72 -150.096 1.91213 -0.337967 0.077807 42.41 6.02687 712.319 35.6124
0_4.80 -151.32 2.47824 -0.315767 0.111952 71.1096 8.36312 1317.41 64.6866
0_4.88 -152.206 1.94257 -0.209067 0.0825086 105.131 11.4142 2046.27 78.0445
0_4.96 -152.008 3.85569 -0.225333 0.139373 34.3753 6.40216 702.396 38.9334
0_5.04 -149.44 2.5548 -0.316367 0.154312 37.1299 5.29783 545.688 17.9771
0_5.12 -151.393 1.0854 -0.458 0.0281069 62.0002 6.30659 835.972 28.7275
0_5.20 -153.28 2.68113 -0.363133 0.095784 39.356 5.76591 622.752 40.4758
0_5.28 -157.206 1.80444 -0.206667 0.0781466 34.2778 5.72625 641.694 41.9293
0_5.36 -154.188 0.884075 -0.2838 0.0554914 51.2481 7.93322 1048.57 63.51
0_5.44 -152.369 0.587712 -0.262433 0.025558 117.669 11.0451 2130.95 75.4646
0_5.52 -151.194 0.456218 -0.307933 0.0172006 263.846 14.2789 3879.47 88.1189
0_5.60 -152.652 0.474021 -0.2787 0.0180622 301.471 19.1961 4981.93 97.3651
0_5.68 -152.261 0.710759 -0.317867 0.0298393 164.118 16.4847 3273.35 68.8543
1.046_0 -150.535 1.24726 -0.3247 0.0672595 70.8366 11.7591 1952.46 122.096
1.046_0.26 -150.71 1.11009 -0.292333 0.158147 36.3149 7.56719 714.185 39.7836
1.046_0.52 -151 1.00495 -0.2495 0.0364337 136.67 13.5544 2292.35 46.4812
1.046_0.78 -150.067 4.09628 -0.230067 0.141305 179.222 12.6976 2703.47 52.2425
1.046_1.04 -152.537 0.762445 -0.214067 0.0416092 209.379 16.4087 3444.23 76.0034
1.046_1.30 -152.208 1.2001 -0.2298 0.0632115 152.165 13.6859 3280.73 107.574
1.046_1.56 -150.582 1.74342 -0.262467 0.0732642 37.2068 7.58944 1176.34 73.7471
1.046_1.82 -149.479 3.2919 -0.220267 0.11217 30.9092 5.61962 732.716 43.0541
1.046_2.08 -151.746 1.04573 -0.317267 0.0705785 76.7103 10.1383 1518.96 78.3506
1.046_2.34 -153.163 0.441962 -0.1251 0.0354465 555.2 30.8381 14369.1 301.811
1.046_2.60 -152.863 1.09894 -0.286 0.0923833 198.57 21.0496 5790.71 134.812
1.046_2.86 -151.74 1.24766 -0.241233 0.117513 278.603 22.1821 6891.79 107.639
1.046_3.12 -150.022 0.324963 -0.224267 0.0308641 331.338 23.2097 6502.83 102.075
1.046_3.38 -152.186 1.45025 -0.284167 0.0871185 88.901 10.5451 1610.89 57.4573
1.046_3.64 -153.42 0.721216 -0.267267 0.0453872 123.428 13.1971 2505.35 78.5473
1.046_3.90 -154.686 1.09107 -0.110333 0.0627101 66.7774 8.57649 1236.62 56.3907
1.046_4.16 -152.934 0.625868 -0.0961333 0.0539702 75.8604 8.25689 1294.58 73.9026
1.046_4.42 -154.37 0.572928 -0.141667 0.0793634 93.7616 10.0093 1553.84 70.6884
1.046_4.68 -155.074 1.71625 -0.203667 0.0737104 55.5651 7.5769 855.852 61.6529
1.046_4.94 -151.957 2.63126 -0.324667 0.093916 42.3301 6.50569 736.563 65.5624
1.046_5.20 -150.816 1.05006 -0.3237 0.041524 47.0237 9.09674 824.457 47.778
1.046_5.46 -151.607 0.557805 -0.348033 0.0310923 103.814 13.1212 2286.6 97.0193
1.046_5.72 -150.184 0.426471 -0.327367 0.0432782 80.5483 8.27426 1232.11 64.0135
1.046_5.98 -150.374 1.42262 -0.0938 0.0759164 40.6201 8.49514 818.814 54.0226
1.133_0 -149.264 0.791357 -0.356567 0.0836326 83.3546 10.0312 1705.02 81.5144
1.133_0.31 -150.86 0.862172 -0.235533 0.0783261 62.7804 8.21164 1109.52 40.0938
1.133_0.62 -153.015 0.995192 -0.181267 0.0479012 88.386 9.66137 1489.42 40.6228
1.133_0.93 -150.994 1.74656 -0.221933 0.0894263 113.716 11.8834 1767.24 58.4834
1.133_1.24 -150.734 0.461856 -0.276567 0.0243532 303.449 21.6551 6154.26 143.474
1.133_1.55 -152.718 0.975539 -0.1474 0.0704682 198.925 16.2928 4041.4 97.015
1.133_1.86 -148.06 0.762628 -0.3589 0.0545312 93.1944 10.8208 1800.98 53.3028
1.133_2.17 -150.891 0.462435 -0.344767 0.0463869 137.725 15.5408 2722.64 72.7268
1.133_2.48 -152.333 0.90587 -0.191733 0.0657333 182.298 17.8484 3635.52 89.3728
1.133_2.79 -152.739 0.520243 -0.247967 0.0859802 229.94 18.0172 4656.51 73.5512
1.133_3.10 -152.175 0.451968 -0.3156 0.0312107 156.781 18.055 4031.93 97.8882
1.133_3.41 -151.6 0.378726 -0.234933 0.0410178 184.906 16.512 3088.52 96.191
1.133_3.72 -153.663 0.471015 -0.254767 0.0271615 140.439 13.653 2436.49 86.178
1.133_4.03 -152.34 1.47946 -0.267767 0.0769468 29.5704 5.4232 435.991 35.1801
1.133_4.34 -153.191 0.513606 -0.241833 0.0570231 109.681 12.5728 1911.33 77.5856
1.133_4.65 -152.504 0.535958 -0.316267 0.0415555 101.087 10.7607 1761.36 76.8469
1.133_4.96 -151.428 0.995825 -0.3952 0.032474 36.8182 7.1036 430.562 28.5713
1.133_5.27 -151.565 1.66774 -0.238633 0.0867268 52.7313 9.40907 1359.53 75.6583
1.133_5.58 -151.933 0.51396 -0.254433 0.0567992 89.6342 10.4532 1347.08 66.0857
1.133_5.89 -148.428 1.77536 -0.349533 0.102046 63.6659 7.25872 1049.73 59.5826
1.221_0 -150.736 0.695735 -0.2906 0.144674 92.6931 9.98028 1768.93 92.7743
1.221_0.39 -150.318 0.85412 -0.2465 0.086753 92.4963 11.1342 1654.06 65.6704
1.221_0.78 -152.028 1.12119 -0.164633 0.121537 83.8839 10.2643 1571.98 57.4074
1.221_1.17 -151.738 0.724636 -0.289933 0.0550587 195.593 16.5876 4821.48 104.319
1.221_1.56 -153.388 1.05443 -0.171567 0.0772598 220.896 16.6955 3768.51 62.0138
1.221_1.95 -149.731 1.847 -0.418833 0.101586 103.807 11.583 1397.75 36.5742
1.221_2.34 -153.804 1.37342 -0.202667 0.0582199 63.2055 10.6166 1239.01 44.889
1.221_2.73 -152.909 0.48009 -0.279967 0.0381759 192.755 17.1835 4230.5 137.411
1.221_3.12 -153.1 1.07781 -0.387933 0.0691076 109.328 12.8164 2384.59 96.1789
1.221_3.51 -151.412 0.57557 -0.2786 0.0880464 97.81 11.4425 1644.98 78.2167
1.221_3.90 -148.974 2.19552 -0.2126 0.165793 27.7218 5.14261 540.757 50.7614
1.221_4.29 -152.838 1.04232 -0.1702 0.0720247 67.2154 9.94855 1170.14 53.0788
1.221_4.68 -152.414 0.444902 -0.247633 0.0203911 108.74 10.1872 1930.22 71.9433
1.221_5.07 -152.278 0.577492 -0.274833 0.0264381 55.8036 8.9609 1010.67 59.6418
1.221_5.46 -151.154 0.713924 -0.268267 0.0504162 78.0593 11.6155 1823.16 67.7884
1.221_5.85 -151.937 0.435744 -0.284967 0.0374353 107.99 9.38217 1416.49 81.3798
1.308_0 -149.676 0.956369 -0.3004 0.0539108 75.2933 11.9219 1766.24 74.4643
1.308_0.52 -149.468 0.566558 -0.2617 0.0345308 117.192 11.5229 1819.62 58.5729
1.308_1.04 -151.815 1.05268 -0.1622 0.0471108 100.967 13.8379 2295.12 66.7001
1.308_1.56 -150.551 1.41663 -0.338967 0.0780961 136.599 12.9581 2219.88 52.2728
1.308_2.08 -152.131 1.78174 -0.358467 0.0925602 84.3215 11.1289 1150.85 32.0477
1.308_2.60 -152.931 0.88928 -0.307767 0.0520719 74.8517 11.0381 1844.64 95.2133
1.308_3.12 -152.632 1.30107 -0.348067 0.0769943 101.317 11.2809 2365.24 81.012
1.308_3.64 -151.248 1.5111 -0.164933 0.152571 39.2002 6.68892 624.907 33.7055
1.308_4.16 -150.79 1.13159 -0.341 0.0827506 68.3554 9.3446 1004.53 40.2858
1.308_4.68 -152.999 0.428719 -0.247267 0.0243173 93.0633 8.75888 1381.02 50.8724
1.308_5.20 -152.086 0.510927 -0.232567 0.0369632 88.4886 9.94199 1468.45 64.0412
1.308_5.72 -150.677 0.676552 -0.262667 0.0564821 132.981 12.8227 2019.92 77.0586
1.395_0 -149.202 1.27764 -0.243133 0.0589512 161.546 17.0751 3773.42 79.0369
1.395_0.78 -150.029 1.43925 -0.323433 0.0864215 110.99 13.2157 2287.06 69.3224
1.395_1.56 -149.501 0.501895 -0.270433 0.0277659 185.045 20.0696 5112.04 180.597
1.395_2.34 -151.874 0.55962 -0.248733 0.0293075 109.16 12.239 2617.03 120.957
1.395_3.12 -150.987 1.90537 -0.266033 0.0738706 60.4945 9.19918 1185.54 36.968
1.395_3.90 -148.984 0.814404 -0.237967 0.125584 73.2167 10.2777 1027.19 34.2665
1.395_4.68 -153.267 0.984965 -0.329167 0.107912 68.3749 9.72725 1296.05 57.6419
1.395_5.46 -151.349 0.791896 -0.329233 0.0506255 130.671 11.7937 2431.87 69.5051
1.482_0 -152.523 1.78866 -0.369533 0.0829983 169.236 17.6182 4173.81 86.9514
1.482_1.57 -152.858 1.02116 -0.37 0.0554677 159.042 18.784 5769.02 178.635
1.482_3.14 -152.501 1.97376 -0.2735 0.069032 56.1296 9.07635 1134.3 44.3017
1.482_4.71 -153.862 0.925976 -0.3509 0.13489 59.0211 8.93083 1486.47 56.1816
1.571_0 -154.738 1.02131 -0.3063 0.0548 83.1585 11.1709 2383.03 89.6521
n0.087_0 -152.226 0.698182 -0.187333 0.0245402 138.483 13.7465 2778.89 95.9961
n0.087_0.09 -148.621 2.51288 -0.2885 0.0794738 90.695 11.4198 1845.5 71.4576
n0.087_0.18 -163.023 6.81906 -0.2037 0.173369 18.6794 4.73687 272.331 29.3674
n0.087_0.27 -150.291 1.11172 -0.199633 0.0978465 20.1896 4.26203 244.97 22.9292
n0.087_0.36 -150.831 1.60816 -0.1842 0.15995 29.839 4.22968 515.936 38.5543
n0.087_0.45 -153.609 2.94971 -0.0912667 0.115285 23.9034 6.39704 532.022 30.3141
n0.087_0.54 -162.669 8.39232 -0.2641 0.212458 24.9457 5.69578 637.119 34.5453
n0.087_0.63 -150.271 8.29746 -0.208433 0.211761 19.0393 6.0621 762.269 42.3579
n0.087_0.72 -146.728 1.25709 -0.270633 0.145603 54.7126 9.49276 1512.43 84.779
n0.087_0.81 -149.291 2.18741 -0.373033 0.103099 37.1052 7.48014 1065.92 59.7364
n0.087_0.90 -153.661 2.92667 -0.100233 0.119834 35.2441 6.2067 980.523 65.3845
n0.087_0.99 -154.027 1.57927 -0.194833 0.0690336 31.4855 3.72527 725.322 71.2105
n0.087_1.08 -153.453 2.67357 -0.280967 0.115947 21.0295 5.80431 703.155 77.1915
n0.087_1.17 -151.631 1.15372 -0.273233 0.0450305 55.88 7.14726 900.094 51.2517
n0.087_1.26 -150.455 1.23537 -0.327367 0.0755359 58.5442 8.90729 1054.42 34.1591
n0.087_1.35 -149.276 2.83181 -0.404733 0.0968166 51.2023 9.67756 1136.01 38.0011
n0.087_1.44 -149.254 1.28347 -0.346067 0.069068 58.9958 8.50362 980.317 39.4325
n0.087_1.53 -148.751 0.91595 -0.394033 0.0610983 63.5229 8.58448 788.576 34.9072
n0.087_1.62 -149.806 1.17425 -0.365467 0.108526 37.4503 7.70966 508.089 28.91
n0.087_1.71 -152.212 1.99319 -0.248933 0.119581 32.0199 7.15054 609.752 44.2115
n0.087_1.80 -152.148 3.51108 -0.200467 0.138384 16.2952 4.52193 407.553 34.3192
n0.087_1.89 -146.194 1.73363 -0.300733 0.148936 20.4357 3.71353 283.499 17.1786
n0.087_1.98 -150.272 7.44844 -0.2475 0.117144 20.5541 3.55899 316.987 25.3983
n0.087_2.07 -147.705 7.1717 -0.2875 0.206351 7.72611 2.60659 154.127 14.9294
n0.087_2.16 -151.375 1.03509 -0.438133 0.0749594 39.4392 5.57955 1119.7 64.9342
n0.087_2.25 -152.097 0.867347 -0.3821 0.0667737 41.2503 6.01727 1034.54 76.9197
n0.087_2.34 -150.763 0.773728 -0.311067 0.0395229 45.8487 6.37406 905.148 84.0296
n0.087_2.43 -149.492 1.881 -0.358033 0.0339421 35.4448 5.64725 410.142 31.3313
n0.087_2.52 -152.707 2.84103 -0.1494 0.132791 15.1136 2.99872 204.512 15.2626
n0.087_2.61 -152.747 3.65679 -0.186333 0.164861 14.6614 2.96027 205.303 20.6558
n0.087_2.70 -150.391 1.68065 -0.143067 0.0966909 31.2956 5.73232 551.418 42.8169
n0.087_2.79 -147.878 1.61621 -0.3669 0.0726998 49.3956 8.70097 1318.47 78.1456
n0.087_2.88 -153.237 1.80556 -0.2249 0.112725 59.4992 8.89628 1457.29 75.9817
n0.087_2.97 -156.468 1.99157 -0.240267 0.0864835 89.5275 8.46189 1904.97 109.242
n0.087_3.06 -155.484 0.832286 -0.2734 0.0436002 100.783 9.97277 1862.28 108.564
n0.087_3.15 -154.448 0.970101 -0.291133 0.0440657 92.2878 10.8745 1615.37 76.5874
n0.087_3.24 -153.477 1.47665 -0.318567 0.068006 75.1632 9.86692 1150.19 70.3762
n0.087_3.33 -153.718 1.4731 -0.244633 0.0857667 80.1351 11.3498 1592.12 61.1619
n0.087_3.42 -153.786 0.353842 -0.209667 0.05047 374.285 19.5933 8186.73 220.391
n0.087_3.51 -153.113 0.195164 -0.289033 0.0280059 786.531 33.1328 19111.1 308.207
n0.087_3.60 -152.397 0.168688 -0.3052 0.0162858 734.456 32.7282 14428.8 240.113
n0.087_3.69 -152.973 0.786959 -0.304767 0.0548976 291.31 19.8761 5585.4 131.646
n0.087_3.78 -152.467 0.71111 -0.300267 0.0378778 177.88 16.3458 3019.53 101.55
n0.087_3.87 -151.515 0.694909 -0.367033 0.0369206 144.787 19.2519 3639.08 104.363
n0.087_3.96 -152.92 0.351217 -0.3811 0.041488 372.067 26.3297 7779.18 99.4872
n0.087_4.05 -153.075 0.337157 -0.300533 0.0260765 338.199 23.2012 6512.62 100.393
n0.087_4.14 -151.85 1.99413 -0.2434 0.0745898 186.628 12.5032 4096.16 86.5418
n0.087_4.23 -153.421 0.900329 -0.3679 0.0386582 118.073 10.1041 2557.75 62.095
n0.087_4.32 -153.327 0.83899 -0.323433 0.0411341 48.4445 7.05064 1083.49 55.2185
n0.087_4.41 -154.705 1.54218 -0.350567 0.0774029 80.4631 7.78784 1780.03 61.5254
n0.087_4.50 -151.715 2.91178 -0.2266 0.153412 77.6239 10.8103 2330.79 62.221
n0.087_4.59 -149.571 1.42474 -0.1524 0.0974617 78.9778 11.8875 2377.32 72.7323
n0.087_4.68 -150.964 0.833209 -0.221033 0.0562097 72.8701 10.2014 1767.19 85.2299
n0.087_4.77 -151.366 2.05697 -0.229233 0.0803676 76.1849 10.2396 1823.34 85.0331
n0.087_4.86 -151.834 0.788141 -0.247033 0.105172 243.099 18.0351 5687.48 122.965
n0.087_4.95 -149.921 0.365594 -0.230467 0.0624087 254.203 15.2641 4732.89 124.301
n0.087_5.04 -150.756 1.38458 -0.378567 0.0668492 91.5246 9.23228 1414.51 59.4299
n0.087_5.13 -153.305 1.29709 -0.428 0.0573934 104.121 12.9164 2432.81 54.9567
n0.087_5.22 -156.369 3.44014 -0.299233 0.137803 66.1138 12.8741 3553.48 111.496
n0.087_5.31 -154.619 0.371339 -0.243967 0.0213151 216.924 18.6489 7082.77 204.224
n0.087_5.40 -153.829 0.267915 -0.262067 0.0126595 328.308 19.3499 6577.11 112.058
n0.087_5.49 -152.768 0.360152 -0.261233 0.0164726 431.868 19.8084 7561.41 129.093
n0.087_5.58 -151.97 0.253153 -0.311933 0.0154401 393.44 17.6209 6481.84 120.352
n0.087_5.67 -152.297 0.333156 -0.315467 0.019575 178.651 13.4914 3087.95 76.0385
n0.087_5.76 -152.662 0.531427 -0.3261 0.0397063 298.992 14.2096 4128.37 96.3051
n0.087_5.85 -152.243 0.534775 -0.361367 0.0513945 269.855 17.8976 5280.1 144.089
n0.087_5.94 -152.628 0.64653 -0.173333 0.072532 140.422 15.3269 3892 143.111
n0.087_6.03 -150.486 1.07212 -0.347867 0.0790341 43.7739 8.3419 1078.89 75.2714
n0.174_0 -152.369 0.78532 -0.1802 0.0282883 86.6005 10.188 1274.18 57.2746
n0.174_0.09 -150.14 2.27224 -0.231633 0.0662777 42.2195 7.33173 788.902 42.5222
n0.174_0.18 -157.292 11.7324 -0.414567 0.123459 10.4448 2.61256 137.734 16.8717
n0.174_0.27 -149.997 4.43853 -0.375867 0.146508 20.7059 4.341 223.025 19.0181
n0.174_0.36 -154.636 1.71331 -0.2356 0.0674693 35.7468 5.59593 463.351 28.0026
n0.174_0.45 -154.361 1.69644 -0.135033 0.128908 29.8906 6.44774 610.527 39.0136
n0.174_0.54 -152.543 1.34136 -0.183633 0.110666 32.0047 6.7744 651.883 33.9205
n0.174_0.63 -152.776 0.810128 -0.115 0.101237 52.542 7.23419 1359.42 58.7992
n0.174_0.72 -148.432 2.26867 -0.2028 0.199481 47.969 8.02501 1963.74 112.715
n0.174_0.81 -150.459 2.72902 -0.408733 0.115098 26.6275 6.06522 616.001 44.2109
n0.174_0.90 -153.932 1.4525 -0.3305 0.0787448 30.9194 4.74823 589.561 48.0496
n0.174_0.99 -152.813 3.27611 -0.271733 0.136035 39.4741 6.62773 872.133 65.3744
n0.174_1.08 -153.398 3.05899 -0.2489 0.124133 79.8237 9.93048 1666.96 84.6764
n0.174_1.17 -148.744 0.815884 -0.4526 0.0250607 109.787 11.1091 1868.59 57.4438
n0.174_1.26 -153.326 2.97797 -0.2146 0.120799 71.6298 9.30123 1137.04 47.6514
n0.174_1.35 -150.94 2.36747 -0.307367 0.0997346 55.6092 8.79808 1105.57 41.7334
n0.174_1.44 -150.358 1.15823 -0.345333 0.0831478 61.0176 8.69216 910.988 34.9853
n0.174_1.53 -149.395 0.7043 -0.364533 0.0562469 78.11 10.3008 982.226 30.343
n0.174_1.62 -151.84 0.901188 -0.2882 0.125386 54.1846 9.69298 848.082 32.7334
n0.174_1.71 -153.787 0.742578 -0.213633 0.0997707 52.3061 7.68995 925.829 43.9862
n0.174_1.80 -152.522 1.07771 -0.3139 0.107044 59.0345 9.1885 1187.02 41.5987
n0.174_1.89 -149.572 1.47095 -0.0705667 0.119345 44.4675 7.28311 877.416 42.5967
n0.174_1.98 -150.578 4.94406 -0.284533 0.0972988 30.8743 6.07832 659.292 36.9474
n0.174_2.07 -149.295 4.52848 -0.230567 0.158337 29.0286 5.16502 954.827 45.0342
n0.174_2.16 -152.267 1.79087 -0.302933 0.0798093 52.0955 6.94077 1394.58 70.5208
n0.174_2.25 -152.039 1.30163 -0.297867 0.0645733 53.5629 6.75535 1234.07 82.9039
n0.174_2.34 -150.454 1.16657 -0.2874 0.0407812 44.4295 6.22185 1056.34 91.63
n0.174_2.43 -150.262 1.40474 -0.397667 0.0719807 26.9447 4.92979 365.618 31.6306
n0.174_2.52 -151.292 2.93665 -0.218167 0.140858 19.0781 3.93783 372.523 31.3853
n0.174_2.61 -150.775 3.66481 -0.221167 0.139796 25.2945 4.67921 366.232 28.8705
n0.174_2.70 -148.717 3.20921 -0.315533 0.16638 25.6294 5.59468 848.727 56.0643
n0.174_2.79 -150.164 1.92808 -0.241233 0.146021 57.2144 9.28609 1538.04 66.8497
n0.174_2.88 -150.484 2.0274 -0.3103 0.137414 69.1445 9.5967 1687.65 85.6835
n0.174_2.97 -156.291 0.744969 -0.238733 0.0467789 148.166 12.2819 2976.21 144.094
n0.174_3.06 -157.057 0.530209 -0.228367 0.0355518 126.724 13.9203 2395.14 124.4
n0.174_3.15 -155.07 1.10229 -0.272367 0.0501032 91.0945 10.3147 1462.7 78.2718
n0.174_3.24 -153.687 2.20462 -0.3172 0.0794969 52.4565 7.31923 790.754 59.4839
n0.174_3.33 -154.202 3.08712 -0.2185 0.108478 59.3945 8.60678 1067.03 43.58
n0.174_3.42 -154.243 0.261895 -0.2964 0.0631736 426.949 21.5844 8876.84 202.752
n0.174_3.51 -153.372 0.183023 -0.2908 0.0548187 1159.33 35.475 25858.5 302.527
n0.174_3.60 -153.442 0.14202 -0.2843 0.0235565 1411.97 40.4441 28874.9 290.738
n0.174_3.69 -152.957 0.242052 -0.2789 0.0212365 664.904 33.4665 15993 227.885
n0.174_3.78 -151.506 0.956328 -0.423267 0.0664289 333.031 21.9333 7631.48 182.323
n0.174_3.87 -152.228 0.734439 -0.360833 0.0428054 184.093 18.2283 4683.66 153.758
n0.174_3.96 -152.357 0.34532 -0.2814 0.0189008 198.01 19.7328 4379.71 120.038
n0.174_4.05 -153.525 0.61796 -0.241333 0.0438736 94.4438 14.9543 2311.42 63.9084
n0.174_4.14 -151.868 0.885913 -0.280567 0.0567322 70.8037 9.15384 1113.71 45.2792
n0.174_4.23 -153.956 1.93967 -0.368933 0.0554466 32.1609 5.58915 662.148 40.3106
n0.174_4.32 -154.6 2.23129 -0.411233 0.0758947 34.0139 5.24009 698.83 34.2194
n0.174_4.41 -155.859 1.72024 -0.423067 0.0696117 77.9318 6.45674 1411.46 39.221
n0.174_4.50 -149.951 2.55895 -0.1621 0.137567 73.9858 11.2817 1963.74 65.9155
n0.174_4.59 -148.851 1.56338 -0.1655 0.0636036 71.1975 10.8825 2300.58 73.4419
n0.174_4.68 -149.397 2.30778 -0.163767 0.102844 59.5724 11.6338 2098.02 82.2724
n0.174_4.77 -152.959 0.728623 -0.0962667 0.0573835 146.055 14.9513 2932.09 96.5006
n0.174_4.86 -151.35 0.628463 -0.190567 0.0884828 518.721 26.2497 10316.7 161.409
n0.174_4.95 -150.846 0.469202 -0.149967 0.0654884 519.515 27.9381 11345.9 164.537
n0.174_5.04 -151.93 1.13606 -0.181167 0.0792063 116.226 13.5999 2573.24 71.7126
n0.174_5.13 -153.28 0.922677 -0.226 0.0596881 106.293 12.9245 2512.07 63.2338
n0.174_5.22 -154.128 1.74728 -0.175667 0.0843755 117.193 14.2966 4026.99 108.469
n0.174_5.31 -154.702 0.369992 -0.224 0.0175499 272.351 19.4726 6996.75 185.69
n0.174_5.40 -153.749 0.353788 -0.261433 0.0148463 473.693 22.8727 9557.8 147.418
n0.174_5.49 -152.398 0.235856 -0.320533 0.0148767 638.493 24.7817 11844.4 164.202
n0.174_5.58 -151.949 0.209681 -0.372833 0.0140821 488.408 21.5449 8079.55 143.64
n0.174_5.67 -151.421 0.309256 -0.326033 0.0236967 294.486 16.1327 5091.48 128.869
n0.261_0 -152.41 4.84561 -0.311833 0.168852 16.8249 4.16959 251.177 28.4989
n0.261_0.10 -149.889 9.48661 -0.2723 0.175919 13.858 3.81932 225.206 19.1758
n0.261_0.20 -145.217 3.20146 -0.3427 0.0912833 14.4629 2.45818 169.477 18.4051
n0.261_0.30 -149.956 1.72103 -0.389867 0.061212 27.242 4.19028 357.267 23.4163
n0.261_0.40 -153.952 2.5593 -0.250267 0.0870023 50.0961 5.68036 732.898 36.9009
n0.261_0.50 -152.526 2.44017 -0.3716 0.101867 31.5592 5.68539 591.78 33.6167
n0.261_0.60 -152.756 1.16338 -0.190633 0.0637417 24.527 5.12863 470.038 31.128
n0.261_0.70 -152.295 2.36402 -0.147967 0.157073 33.0219 5.42061 921.863 58.4473
n0.261_0.80 -153.014 3.44818 -0.281633 0.139203 41.1835 5.25445 913.531 48.2593
n0.261_0.90 -151.006 2.17476 -0.383333 0.0825321 56.9962 8.21971 1008.94 52.6711
n0.261_1.00 -150.927 1.6687 -0.326933 0.0739734 101.64 11.9267 2254.09 82.1904
n0.261_1.10 -153.272 1.96388 -0.257533 0.0902562 124.893 14.7935 2987.99 93.9628
n0.261_1.20 -153.083 2.48485 -0.276333 0.138017 87.5618 11.6497 2389.18 80.6706
n0.261_1.30 -154.034 3.02724 -0.1874 0.113168 62.9926 8.13623 1290.09 56.2413
n0.261_1.40 -151.616 1.63227 -0.245633 0.0959844 37.1603 9.12951 937.796 42.2638
n0.261_1.50 -151.196 1.70802 -0.283933 0.0904286 44.1048 9.93108 674.767 25.1905
n0.261_1.60 -152.139 0.976889 -0.344167 0.0760722 76.2777 9.86698 1193.39 42.1219
n0.261_1.70 -153.322 0.683703 -0.114333 0.0818325 60.8494 6.39672 927.116 44.8959
n0.261_1.80 -151.247 0.883378 -0.379867 0.0951223 67.9583 8.41104 1238.19 50.0855
n0.261_1.90 -151.08 0.695734 -0.318 0.0694934 39.4221 6.54393 663.165 34.993
n0.261_2.00 -150.588 1.20977 -0.3907 0.0796583 47.9628 6.96522 828.44 32.4627
n0.261_2.10 -151.501 1.57963 -0.354733 0.0783164 42.9663 6.05921 1255.19 56.8787
n0.261_2.20 -151.962 1.62157 -0.309267 0.0634108 30.8838 6.31372 701.548 41.944
n0.261_2.30 -152.995 3.12795 -0.334633 0.0911698 22.3855 4.43222 597.025 53.1245
n0.261_2.40 -155.454 6.06319 -0.337133 0.153964 15.5217 3.98277 358.911 36.1041
n0.261_2.50 -148.876 2.12586 -0.370533 0.110251 21.5407 4.14548 352.699 34.4026
n0.261_2.60 -147.703 1.77644 -0.339433 0.0650242 43.2009 6.40276 756.26 44.5666
n0.261_2.70 -150.668 2.0748 -0.253933 0.0758243 42.2543 7.64262 934.151 50.9889
n0.261_2.80 -151.418 0.960792 -0.294967 0.111756 44.5939 8.2117 1309.59 70.683
n0.261_2.90 -150.996 2.04475 -0.198067 0.155178 39.2441 7.12429 939.353 52.1509
n0.261_3.00 -156.084 0.83111 -0.2985 0.109133 83.0991 11.3221 2147.51 109.225
n0.261_3.10 -156.279 1.17152 -0.136967 0.0523787 88.0174 12.6673 1936.64 75.8731
n0.261_3.20 -153.165 4.37849 -0.263233 0.133438 57.9721 8.22733 1271.36 44.7085
n0.261_3.30 -156.299 1.18696 -0.241133 0.0666267 62.0415 6.32294 1065.07 47.7314
n0.261_3.40 -155.096 0.829649 -0.286567 0.0355304 110.423 10.5866 1775.78 61.7818
n0.261_3.50 -154.935 0.263094 -0.359833 0.0283015 497.631 22.4397 8492.45 139.648
n0.261_3.60 -153.886 0.193229 -0.330367 0.0394774 893.923 39.0378 18889.4 206.446
n0.261_3.70 -153.757 0.280558 -0.243933 0.0557195 737.854 41.9075 17443.5 216.712
n0.261_3.80 -153.54 0.582002 -0.321433 0.0489464 425.425 24.0266 12228.9 224.073
n0.261_3.90 -153.089 0.498844 -0.293067 0.030041 385.093 22.3926 9325.9 201.669
n0.261_4.00 -152.242 1.04686 -0.2857 0.0466416 176.076 14.8715 3860 112.185
n0.261_4.10 -153.365 1.17862 -0.2877 0.0530281 111.827 11.7824 2277.93 96.5632
n0.261_4.20 -154.072 0.894444 -0.267433 0.0495299 53.0323 9.19664 1213.91 55.9238
n0.261_4.30 -155.905 3.6033 -0.290233 0.0952863 29.5157 5.10245 547.69 24.1791
n0.261_4.40 -154.128 0.816669 -0.337333 0.0278368 24.8791 4.0248 261.718 16.2577
n0.261_4.50 -154.908 5.14107 -0.250867 0.144834 11.0438 2.77169 156.569 11.178
n0.261_4.60 -153.973 3.03942 -0.281567 0.124034 21.2001 4.49158 423.14 24.9365
n0.261_4.70 -153.076 1.74622 -0.358633 0.133132 94.9408 13.7353 2644.75 55.4636
n0.261_4.80 -150.807 0.625363 -0.386033 0.0674996 441.118 26.9711 9602.01 179.291
n0.261_4.90 -151.086 0.546895 -0.245467 0.0924906 690.24 31.2038 14103.1 193.491
n0.261_5.00 -151.653 0.873245 -0.0858667 0.0648525 229.567 19.2952 6777.63 123.137
n0.261_5.10 -154.286 2.37955 -0.2125 0.115349 56.9581 10.8277 2168.25 77.2534
n0.261_5.20 -155.693 1.07579 -0.258 0.0480625 36.5835 6.88295 768.577 42.7311
n0.261_5.30 -154.169 1.13891 -0.217033 0.0510144 98.6714 12.0534 2302.29 55.373
n0.261_5.40 -152.688 0.749553 -0.301633 0.0320218 228.621 17.2067 5145.71 97.3363
n0.261_5.50 -152.327 0.402558 -0.344567 0.020833 407.776 19.2298 7530.73 127.554
n0.261_5.60 -152.567 0.566412 -0.337767 0.0288238 251.218 13.9007 4243.33 115.627
n0.261_5.70 -152.492 0.447216 -0.267467 0.0324446 191.196 14.7408 3944.58 142.462
n0.261_5.80 -151.36 1.16902 -0.1944 0.0527621 43.1908 7.79905 785.188 45.2936
n0.261_5.90 -150.439 3.35891 -0.263567 0.113655 43.1905 6.43531 735.512 39.9645
n0.348_0 -163.761 8.11689 -0.1572 0.161795 7.60719 2.63411 63.9246 7.76473
n0.348_0.11 -149.207 2.98262 -0.1062 0.148653 14.8005 2.20388 134.347 12.0853
n0.348_0.22 -150.591 4.97573 -0.122033 0.162334 8.42459 1.69083 117.202 19.9027
n0.348_0.33 -151.927 2.70549 -0.233367 0.102385 18.4883 4.03664 246.375 15.1448
n0.348_0.44 -152.783 5.2483 -0.344833 0.157676 34.9652 6.06464 540.218 31.9921
n0.348_0.55 -151.771 2.96883 -0.3598 0.125697 29.8707 5.63203 492.383 28.1608
n0.348_0.66 -153.022 3.25983 -0.196167 0.136612 18.9939 4.33684 283.26 17.1538
n0.348_0.77 -157.858 0.557352 -0.034 0.0449147 69.9915 7.06809 1115.51 44.5698
n0.348_0.88 -153.459 2.93401 -0.248133 0.127701 75.4231 8.79805 1334.42 45.6441
n0.348_0.99 -152.377 1.0912 -0.236333 0.06122 102.017 12.0267 2060.23 58.6038
n0.348_1.10 -153.157 1.82816 -0.229767 0.0890978 109.449 11.8356 2291.06 74.9308
n0.348_1.21 -154.399 2.21665 -0.206133 0.12631 75.2395 9.58496 2168.33 79.1218
n0.348_1.32 -153.827 1.29627 -0.240667 0.08525 58.4805 7.71309 1119.87 49.9819
n0.348_1.43 -152.314 1.0758 -0.257933 0.0907186 40.5305 8.16334 726.56 34.1445
n0.348_1.54 -151.878 0.641324 -0.3176 0.0488778 64.6893 9.01119 888.37 35.3047
n0.348_1.65 -152.076 0.762829 -0.349867 0.0576852 67.0619 9.22049 940.345 30.2132
n0.348_1.76 -150.498 1.91751 -0.3889 0.0822414 31.4486 5.63063 532.738 33.692
n0.348_1.87 -152.283 3.34196 -0.244033 0.0925797 16.8914 4.44683 306.353 25.0465
n0.348_1.98 -153.029 4.14494 -0.258 0.153488 24.5857 6.20027 510.635 38.2483
n0.348_2.09 -153.218 1.14831 -0.287867 0.0871075 26.4667 5.78684 506.651 33.6929
n0.348_2.20 -156.233 3.26967 -0.2878 0.126774 16.08 3.86781 346.341 43.9583
n0.348_2.31 -155.124 1.05457 -0.3796 0.0582464 31.4156 4.75803 502.425 44.5048
n0.348_2.42 -153.103 7.63925 -0.257967 0.151329 13.2286 3.14504 297.861 18.355
n0.348_2.53 -152.409 1.92242 -0.3068 0.0839374 39.4671 9.13731 1233.04 54.0253
n0.348_2.64 -153.399 1.38691 -0.262733 0.116409 51.0989 10.4261 1754.94 70.9132
n0.348_2.75 -152.885 0.392069 -0.266467 0.0395969 95.003 9.82221 1587.04 51.665
n0.348_2.86 -157.368 7.50861 -0.369233 0.151077 17.044 4.15737 341.231 27.7452
n0.348_2.97 -154.264 6.78874 -0.236067 0.169931 19.9862 5.06337 410.373 18.2661
n0.348_3.08 -150.817 2.55177 -0.298533 0.086287 65.9423 9.2276 1680.71 39.0382
n0.348_3.19 -155.37 4.91991 -0.184367 0.159646 89.9336 11.0406 2551.14 52.3913
n0.348_3.30 -157.357 1.71265 -0.197067 0.0650943 72.4905 9.09814 1439.52 49.4964
n0.348_3.41 -157.133 2.1197 -0.198367 0.0708891 85.9261 10.004 1406.35 54.8706
n0.348_3.52 -155.414 4.31064 -0.2772 0.146959 70.9787 8.48809 864.98 33.6498
n0.348_3.63 -153.748 0.323466 -0.378833 0.0681834 362.4 30.3495 5298.92 109.627
n0.348_3.74 -154.57 0.52634 -0.266267 0.0692883 271.802 29.3837 7430.55 130.589
n0.348_3.85 -152.677 0.443383 -0.3322 0.0351866 419.459 29.5072 12306.7 228.689
n0.348_3.96 -152.008 0.342891 -0.3724 0.0227766 345.188 21.5097 8428.82 163.127
n0.348_4.07 -154.588 0.630388 -0.260833 0.033867 164.771 14.1774 3575.75 99.6515
n0.348_4.18 -154.364 1.53808 -0.2724 0.0809327 65.6946 10.9049 2054.03 70.9636
n0.348_4.29 -153.256 4.21022 -0.339567 0.100492 28.3345 6.63484 640.199 30.9915
n0.348_4.40 -155.65 6.55966 -0.263167 0.204906 14.8382 3.52788 175.839 20.6083
n0.348_4.51 -156.47 5.78323 -0.1176 0.172568 10.8891 2.64283 164.351 26.3271
n0.348_4.62 -155.741 3.64863 -0.185767 0.143113 12.3945 2.87192 178.275 26.2116
n0.348_4.73 -152.049 1.32258 -0.376933 0.146354 108.515 13.1862 3266.02 111.39
n0.348_4.84 -150.764 0.412033 -0.447433 0.0335541 399.796 21.2762 8760.64 164.707
n0.348_4.95 -151.689 0.46495 -0.234267 0.0714091 258.43 15.1112 5229.52 103.771
n0.348_5.06 -153.492 3.51917 -0.222733 0.217171 68.8609 10.331 2591.76 57.6693
n0.348_5.17 -151.586 5.08317 -0.2346 0.14942 32.577 5.5521 430.084 32.0898
n0.348_5.28 -153.941 4.46286 -0.215767 0.213936 54.1414 8.23447 1436.73 56.1328
n0.348_5.39 -154.275 2.04363 -0.184433 0.132731 99.9677 11.0485 2724.11 88.8646
n0.348_5.50 -153.143 0.717203 -0.2835 0.0291104 124.418 9.88288 2459.84 77.9928
n0.348_5.61 -153.268 2.27944 -0.270567 0.0790351 105.675 9.38092 1786.66 63.6506
n0.348_5.72 -152.576 0.561136 -0.235 0.0291947 77.5193 9.75453 1370.63 59.8417
n0.348_5.83 -152.65 0.996879 -0.304 0.0364692 54.2109 7.76977 1085.03 46.379
n0.348_5.94 -152.487 3.81751 -0.280233 0.115791 67.0754 7.82515 1235.41 52.0264
n0.348_6.05 -157.337 5.70431 -0.140767 0.153423 40.1639 6.03078 746.695 38.134
n0.436_0 -158.998 9.85096 -0.252633 0.176134 7.11163 2.19615 105.22 11.7259
n0.436_0.12 -150.819 1.49424 -0.0795667 0.102186 19.8056 3.32834 247.083 20.3523
n0.436_0.24 -153.074 5.22875 -0.183467 0.157955 11.37 1.94308 192.072 22.7851
n0.436_0.36 -148.096 1.90606 -0.307633 0.0939812 19.7639 4.77533 248.962 19.5255
n0.436_0.48 -153.279 4.84267 -0.3209 0.128831 21.5436 4.79999 414.356 31.1103
n0.436_0.60 -150.552 2.96272 -0.273533 0.161265 32.0104 6.46343 540.063 31.5959
n0.436_0.72 -153.41 2.4691 -0.213333 0.0872022 26.0387 4.69944 321.735 16.9194
n0.436_0.84 -155.144 4.35307 -0.113133 0.179577 47.4858 7.17989 825.444 37.7868
n0.436_0.96 -151.408 1.38904 -0.348033 0.0985701 81.4889 9.22236 1195.33 45.4737
n0.436_1.08 -151.181 1.73269 -0.319 0.0911427 72.4456 10.2685 1154.3 54.122
n0.436_1.20 -152.627 2.35994 -0.263633 0.102079 44.0641 9.44207 1280.73 60.3253
n0.436_1.32 -153.641 1.79865 -0.3499 0.135135 51.7112 6.55602 1014.86 48.7728
n0.436_1.44 -154.397 1.24894 -0.405267 0.0855515 45.9383 8.46788 857.433 41.9102
n0.436_1.56 -153.95 1.21569 -0.253933 0.166873 38.2687 6.89419 830.344 37.6529
n0.436_1.68 -152.463 0.883325 -0.302733 0.096935 51.6949 9.12839 877.406 28.5113
n0.436_1.80 -152.441 2.38261 -0.301167 0.144579 31.4775 5.25897 539.49 25.568
n0.436_1.92 -153.649 3.89981 -0.277 0.096376 19.8588 5.02711 383.436 28.0532
n0.436_2.04 -153.232 3.76389 -0.291433 0.11151 22.2322 5.99003 551.655 39.438
n0.436_2.16 -152.066 2.5926 -0.2548 0.152578 18.6288 3.08726 273.789 25.3586
n0.436_2.28 -154.73 3.45837 -0.3969 0.127415 22.6223 4.65712 549.957 58.7564
n0.436_2.40 -150.171 1.89467 -0.270267 0.100456 30.1095 5.56661 521.082 29.4753
n0.436_2.52 -153.994 0.864541 -0.381533 0.0782853 64.3694 8.93657 1143.47 46.7266
n0.436_2.64 -154.2 0.982564 -0.287433 0.137753 70.3191 9.79831 1820.9 53.5768
n0.436_2.76 -153.293 0.53465 -0.213067 0.0647595 87.5064 10.478 1752.54 50.2433
n0.436_2.88 -154.6 5.79579 -0.2042 0.143835 12.9241 3.41832 200.479 17.7747
n0.436_3.00 -159.319 7.02458 -0.251 0.200914 5.44498 1.94096 73.4493 8.53003
n0.436_3.12 -150.007 5.1894 -0.2416 0.151108 63.1634 9.55587 1699.25 42.5754
n0.436_3.24 -161.307 4.60662 -0.1108 0.138768 83.8537 10.824 2020.87 48.1048
n0.436_3.36 -150.321 1.76544 -0.437133 0.0573601 65.421 7.74504 1127.22 49.9684
n0.436_3.48 -157.257 3.12415 -0.1722 0.108582 72.6449 9.15632 1205.5 52.4078
n0.436_3.60 -155.237 7.63154 -0.2563 0.226337 62.5816 9.21011 1386.74 47.3778
n0.436_3.72 -153.034 2.41412 -0.325433 0.101309 42.6209 6.05361 881.287 43.0267
n0.436_3.84 -153.247 0.572616 -0.253867 0.0361845 124.28 18.8667 4963.36 143.214
n0.436_3.96 -153.216 0.663501 -0.321567 0.0458157 202.908 17.89 4901.66 134.291
n0.436_4.08 -154.881 0.61303 -0.229133 0.0511108 94.8088 11.2488 2138.2 83.7492
n0.436_4.20 -153.587 5.64208 -0.278433 0.187968 23.2153 6.50477 869.063 43.6982
n0.436_4.32 -149.43 5.35147 -0.299567 0.164833 13.0362 3.01642 233.307 19.7229
n0.436_4.44 -155.684 3.32659 -0.1959 0.209186 10.9006 2.28542 163.143 23.2993
n0.436_4.56 -154.909 3.85672 -0.304133 0.124785 12.9207 3.16552 224.461 33.7542
n0.436_4.68 -158.842 4.92206 -0.201833 0.123222 7.56251 2.4449 52.1737 5.27211
n0.436_4.80 -163.566 7.57951 -0.281067 0.14947 10.391 2.27724 131.587 20.2675
n0.436_4.92 -153.372 1.7259 -0.0777333 0.159152 22.3768 3.5154 297.056 23.6377
n0.436_5.04 -159.061 3.10521 -0.183133 0.118625 8.31666 1.46682 101.366 17.5074
n0.436_5.16 -153.55 3.08671 -0.1599 0.140895 18.2347 3.34101 197.551 13.6062
n0.436_5.28 -153.501 5.12461 -0.171567 0.184762 37.191 6.10097 773.04 41.2073
n0.436_5.40 -151.031 1.07489 -0.2804 0.062783 39.9778 6.21888 876.019 58.3646
n0.436_5.52 -150.408 1.08703 -0.369767 0.0662652 43.2296 6.91798 859.58 46.9428
n0.436_5.64 -152.413 4.14394 -0.244333 0.150528 43.9337 6.02095 702.684 32.7523
n0.436_5.76 -151.819 0.773408 -0.258133 0.0341699 53.5909 8.31197 1026.05 47.1773
n0.436_5.88 -151.283 1.72538 -0.348167 0.0553261 68.0926 8.39107 1419.74 55.8625
n0.436_6.00 -147.231 0.47945 -0.4632 0.0044 63.2413 7.19605 915.357 54.235
n0.436_6.12 -155.17 3.98813 -0.244767 0.136171 30.0931 5.434 670.296 42.2329
n0.523_0 -162.143 8.48946 -0.302733 0.153522 13.7185 3.84519 209.295 15.3255
n0.523_0.13 -151.125 4.45636 -0.1757 0.115701 14.54 3.20082 215.005 22.7759
n0.523_0.26 -152.397 5.79506 -0.2379 0.176124 10.1365 2.32885 104.029 11.6982
n0.523_0.39 -150.822 3.09302 -0.1529 0.114568 26.9947 4.40048 285.45 27.7116
n0.523_0.52 -148.756 2.95269 -0.326767 0.146499 29.5106 5.75796 622.129 34.7217
n0.523_0.65 -148.348 0.991713 -0.450767 0.0446006 46.2107 6.81563 657.729 30.4103
n0.523_0.78 -148.979 1.48289 -0.422167 0.0410565 38.5287 6.10447 893.527 61.0145
n0.523_0.91 -151.006 1.11718 -0.366533 0.0570168 37.3979 5.91239 705.352 56.3885
n0.523_1.04 -149.143 1.44932 -0.432933 0.0747542 37.0815 5.81612 514.851 32.8221
n0.523_1.17 -148.24 3.61703 -0.395933 0.13454 37.0559 8.78225 1064.13 49.4872
n0.523_1.30 -152.104 1.01329 -0.313033 0.0591163 50.7831 8.32476 894.708 38.1795
n0.523_1.43 -151.953 2.62637 -0.318067 0.0864993 36.5435 7.85721 667.478 34.3811
n0.523_1.56 -151.175 0.446869 -0.343333 0.058642 78.0814 10.5154 1615.17 80.8966
n0.523_1.69 -151.482 0.73284 -0.308767 0.0575466 64.7758 12.0541 1321.01 47.3248
n0.523_1.82 -156.056 4.83769 -0.263433 0.136626 39.6465 5.82371 736.96 27.3757
n0.523_1.95 -157.836 7.41187 -0.274467 0.194326 31.1565 6.10547 678.625 28.9981
n0.523_2.08 -151.286 2.23076 -0.335533 0.075142 31.6109 6.44488 499.164 25.3002
n0.523_2.21 -152.336 2.72253 -0.138033 0.173872 14.9502 2.8995 212.182 12.0622
n0.523_2.34 -148.673 3.17729 -0.3069 0.10164 14.9788 3.61172 173.178 14.5685
n0.523_2.47 -151.487 1.30136 -0.360733 0.078943 25.2114 4.27848 311.83 20.4543
n0.523_2.60 -150.068 2.19083 -0.349533 0.0986511 21.3799 4.49986 404.746 22.1304
n0.523_2.73 -154.179 1.13741 -0.209767 0.0864393 23.415 5.01309 453.786 21.0465
n0.523_2.86 -154.692 2.56847 -0.206633 0.0891332 18.5759 3.51749 202.36 11.649
n0.523_2.99 -153.955 7.9671 -0.330733 0.19197 10.4186 2.56415 131.05 12.2878
n0.523_3.12 -154.232 11.3877 -0.234733 0.183132 10.0861 2.20963 174.718 27.346
n0.523_3.25 -154.814 5.23673 -0.301867 0.157205 73.7656 8.49296 981.676 44.4867
n0.523_3.38 -154.872 3.78202 -0.2791 0.120528 78.9499 7.76308 1015.56 42.6067
n0.523_3.51 -153.19 4.19077 -0.3135 0.128344 54.0429 9.69145 1218.59 54.0452
n0.523_3.64 -148.72 1.08412 -0.462367 0.0265393 81.1715 10.6732 1979.74 74.0936
n0.523_3.77 -154.796 0.75854 -0.259033 0.0498564 85.52 10.8383 1581.75 42.4949
n0.523_3.90 -153.989 0.573835 -0.0427667 0.0511222 77.3964 13.1728 1535.69 55.038
n0.523_4.03 -160.189 9.15845 -0.1992 0.130306 24.875 5.37958 753.991 45.6718
n0.523_4.16 -154.106 3.94622 -0.341767 0.127577 21.2673 4.25945 715.093 49.9661
n0.523_4.29 -153.378 2.8546 -0.311033 0.158874 11.9215 2.22482 175.056 14.8246
n0.523_4.42 -155.077 1.19909 -0.2693 0.147258 14.2027 2.90565 242.362 27.4084
n0.523_4.55 -152.769 2.07668 -0.440433 0.0730863 10.2933 2.1722 166.228 20.429
n0.523_4.68 -155.193 7.79818 -0.284333 0.174032 4.74867 2.0144 41.6611 2.70807
n0.523_4.81 -156.435 8.5884 -0.294467 0.158353 4.85522 1.1217 58.2927 9.18498
n0.523_4.94 -159.001 2.47694 -0.226167 0.0843937 8.20513 1.49861 59.5309 5.84342
n0.523_5.07 -158.798 7.18829 -0.3694 0.0901638 7.36044 1.57495 54.2503 11.1051
n0.523_5.20 -154.966 13.7556 -0.0596 0.0315696 2.80701 0.922679 11.9214 1.53805
n0.523_5.33 -158.602 8.34702 -0.254467 0.193683 4.9029 1.58153 101.476 11.1594
n0.523_5.46 -149.92 1.85928 -0.382633 0.0878851 20.0902 4.92781 268.451 26.9303
n0.523_5.59 -150.779 0.833274 -0.441633 0.0443103 37.8879 7.46043 499.632 35.5406
n0.523_5.72 -151.598 1.02491 -0.322967 0.0655281 63.3263 8.21966 998.848 45.9788
n0.523_5.85 -150.42 2.4875 -0.357467 0.0937051 32.3904 6.16248 935.755 42.1455
n0.523_5.98 -149.323 1.10265 -0.434567 0.0395392 64.8578 6.94225 893.399 54.2658
n0.523_6.11 -157.65 4.17017 -0.118833 0.149268 48.3676 6.33407 946.627 66.1381
n0.610_0 -156.74 2.48313 -0.2226 0.109264 32.7662 8.6804 605.122 27.2207
n0.610_0.14 -148.575 5.84524 -0.294667 0.155834 13.2168 3.59216 157.734 11.9444
n0.610_0.28 -155.816 7.36261 -0.219367 0.192597 16.7067 3.96117 235.112 16.8236
n0.610_0.42 -149.747 4.21705 -0.270433 0.156287 37.802 6.16808 523.772 31.6979
n0.610_2.52 -152.892 3.6365 -0.225667 0.143043 6.87407 1.99613 47.4399 3.87529
n0.610_2.66 -149.994 8.35247 -0.2998 0.189562 5.89973 1.66918 83.4607 11.8093
n0.610_2.94 -152.478 6.2826 -0.2523 0.185077 11.8018 2.05067 101.538 10.9488
n0.610_3.08 -157.946 11.8157 -0.330767 0.113346 17.9193 4.44017 204.285 7.3969
n0.610_3.22 -147.215 7.47912 -0.173567 0.202712 18.3075 3.87609 176.935 10.867
n0.610_3.36 -153.937 1.25926 -0.303867 0.0379734 63.7362 6.54319 895.113 45.7428
n0.610_3.50 -154.065 3.80148 -0.321367 0.0941987 58.5893 7.8863 1159.35 53.7861
n0.610_3.64 -153.601 1.10649 -0.339167 0.0439656 104.913 10.264 2129.06 72.3568
n0.610_3.78 -150.826 1.39231 -0.408667 0.0521941 130.146 12.5165 2310.99 68.8074
n0.610_4.76 -157.644 5.894 -0.3532 0.1498 4.48702 0.991358 62.0148 9.55577
n0.610_4.90 -155.58 1.39347 -0.2645 0.0487929 20.4824 3.57971 193.564 12.6435
n0.610_5.04 -151.079 13.0814 -0.2086 0.140174 2.89573 0.548706 20.8243 2.97416
n0.610_5.18 -147.551 9.71422 -0.204 0.160214 4.48315 0.801423 22.3268 4.80996
n0.697_0 -157.572 2.39291 -0.346767 0.105401 27.5766 7.42736 437.147 20.1481
n0.697_0.30 -158.873 7.06248 -0.236533 0.218532 13.6945 3.92806 142.303 10.8815
n0.697_2.55 -153.726 5.86687 -0.123267 0.142005 13.1686 3.61906 210.302 24.2782
n0.697_2.70 -154.471 6.6128 -0.218267 0.204419 10.0996 2.78871 311.187 20.5672
n0.697_2.85 -156.274 5.46054 -0.1807 0.160624 15.8801 4.04481 280.379 16.5065
n0.697_3.00 -154.002 5.49336 -0.307833 0.181568 23.0538 5.74048 250.798 11.5116
n0.697_3.15 -154.81 5.02182 -0.2379 0.144478 21.8292 5.00106 284.112 16.7215
n0.697_3.30 -151.259 1.43933 -0.388633 0.0423816 23.1439 4.01332 204.609 12.0473
n0.697_3.60 -157.799 1.19365 -0.2167 0.0434171 109.892 11.2161 2046.37 66.4098
n0.697_3.75 -152.868 1.54232 -0.3422 0.0583103 135.494 12.732 2244.34 69.6576
n0.697_3.90 -152.74 0.849388 -0.300167 0.0338571 109.619 11.2178 1768.71 59.1041
n0.697_4.80 -157.894 4.12739 -0.178633 0.11837 21.4296 4.08194 260.219 17.3168
n0.697_4.95 -156.146 2.09279 -0.218033 0.0744898 14.2481 2.45266 167.489 14.6406
n0.697_5.10 -155.679 8.38164 -0.1807 0.202426 2.91654 0.743863 41.4877 2.61274
n0.785_0.34 -155.383 5.75672 -0.337633 0.146211 13.4459 3.21632 213.124 31.4916
n0.785_0.51 -152.352 4.48854 -0.3515 0.134378 41.4949 5.60798 537.962 40.9637
n0.785_2.55 -156.77 8.43083 -0.2536 0.149171 14.5178 3.75647 296.896 25.1048
n0.785_2.72 -157.144 5.47168 -0.226333 0.196625 11.5841 3.02433 205.503 18.7626
n0.785_2.89 -156.674 5.30528 -0.3201 0.178061 14.3194 3.08806 212.68 22.4566
n0.785_3.06 -151.509 5.80499 -0.391133 0.139226 17.1093 4.04328 225.989 13.7126
n0.785_3.57 -157.063 1.77018 -0.2154 0.0766292 64.6088 9.20654 1783.71 52.3023
n0.785_3.74 -152.703 2.48379 -0.374167 0.0834085 81.1932 12.1433 1532.2 58.3926
n0.785_3.91 -153.721 0.825142 -0.263667 0.0293125 124.85 12.997 2123.93 66.993
n0.785_4.08 -155.031 1.20971 -0.206833 0.0618733 68.8328 8.73596 1163.46 49.149
n0.785_4.59 -156.58 1.77148 -0.229233 0.0900793 28.4692 5.96484 541.794 28.7951
n0.785_4.76 -158.408 5.25279 -0.211167 0.155997 20.0291 4.06145 332.125 21.8621
n0.785_5.10 -155.391 5.67563 -0.271033 0.120566 14.0074 3.75257 173.026 25.0727
n0.785_5.27 -159.585 5.63378 -0.196 0.167463 19.1517 3.93623 283.054 19.9544
n0.872_0.38 -158.257 8.28772 -0.2655 0.158796 17.3808 4.00278 275.098 23.9376
n0.872_0.57 -151.487 2.68981 -0.3517 0.147256 20.3916 4.65942 395.721 35.3096
n0.872_2.47 -158.402 6.9303 -0.2528 0.155267 9.88616 2.29032 186.053 17.1283
n0.872_2.66 -154.465 4.24525 -0.3396 0.112798 17.8228 3.84722 313.231 16.8876
n0.872_2.85 -160.136 4.46365 -0.364833 0.138346 13.3482 2.30206 129.706 12.8488
n0.872_3.61 -155.123 1.06222 -0.184167 0.0834684 63.2893 9.02701 1461.27 55.8505
n0.872_3.80 -151.314 2.04727 -0.3538 0.0751174 97.9786 11.337 1790.93 66.6783
n0.872_3.99 -153.165 1.15416 -0.3065 0.0319387 104.513 10.8986 1804.38 58.2603
n0.872_4.56 -156.708 0.660133 -0.102033 0.0281744 37.9697 5.00357 353.016 21.7616
n0.959_0.44 -152.158 7.31731 -0.223033 0.171548 8.67057 2.16971 185.749 33.3719
n0.959_1.98 -149.023 0.561622 -0.392433 0.0241636 56.9771 6.92917 874.388 45.359
n0.959_3.52 -155.084 0.652933 -0.1502 0.0615811 89.3445 9.07442 1405.6 53.4807
n0.959_3.96 -153.719 0.473103 -0.2654 0.0251139 97.7011 11.3398 1763.27 67.7595
n0.959_5.94 -153.767 0.246599 -0.243333 0.0387499 565.735 22.9478 10558.3 185.238
n1.046_2.34 -148.766 2.1668 -0.364433 0.0794028 33.1766 5.43754 470.575 23.7027
n1.046_2.60 -149.624 5.67554 -0.334533 0.0807695 17.0235 4.8026 297.351 16.1514
n1.046_2.86 -153.56 5.40178 -0.254767 0.122707 21.0252 6.21252 496.754 20.0168
n1.046_3.12 -155.521 3.39404 -0.3751 0.122919 33.1857 5.79825 867.685 46.5612
n1.046_3.38 -157.249 2.97173 -0.243133 0.126145 28.1359 6.05432 676.184 32.3699
n1.046_3.64 -154.584 0.47585 -0.260967 0.0256606 99.9002 11.356 1551.44 46.0662
n1.046_3.90 -152.782 0.565929 -0.327967 0.0327302 95.5623 10.5898 1726.46 63.4725
n1.046_4.16 -154.486 2.73602 -0.2204 0.0926303 28.0457 5.34759 390.742 35.1252
n1.046_4.42 -150.921 7.33205 -0.2647 0.141185 11.7815 2.8086 184.023 11.387
n1.046_4.68 -150.874 0.93758 -0.4056 0.0419139 38.1882 5.19528 500.283 27.4645
n1.046_4.94 -151.032 3.01046 -0.351333 0.120378 32.6757 5.11252 441.629 29.478
n1.046_5.20 -152.596 1.41278 -0.2853 0.105742 18.0748 2.68271 268.264 27.4632
n1.046_5.46 -150.171 3.29982 -0.259867 0.126624 12.289 2.75365 141.394 13.5165
n1.046_5.72 -154.864 3.89187 -0.250433 0.149556 21.9751 3.47913 373.575 22.3233
n1.046_5.98 -153.923 0.262784 -0.213 0.031607 559.363 23.4795 10368.2 167.695
n1.133_0 -152.279 4.26262 -0.263567 0.143648 30.4836 4.66172 770.502 75.6422
n1.133_0.31 -148.379 2.85665 -0.316233 0.148218 55.5459 7.07846 1037.87 73.045
n1.133_0.62 -146.144 2.12835 -0.408567 0.0832675 46.7762 5.98934 739.632 56.2534
n1.133_0.93 -149.506 1.4269 -0.357733 0.0546449 63.2855 6.54518 760.547 37.3184
n1.133_1.24 -150.839 1.11048 -0.3133 0.0774328 46.2259 7.5944 1196.95 57.2753
n1.133_1.55 -149.57 3.43434 -0.357067 0.146756 27.673 5.71738 674.208 57.2554
n1.133_1.86 -151.665 2.42912 -0.210033 0.101535 28.816 6.80086 491.808 37.8921
n1.133_2.17 -146.507 2.47439 -0.338833 0.0792021 27.145 4.98532 388.166 23.3202
n1.133_2.48 -148.764 3.60883 -0.380467 0.106953 20.3861 5.16487 299.03 33.4191
n1.133_2.79 -151.153 2.7032 -0.309867 0.0865616 28.7081 5.97086 596.896 23.2417
n1.133_3.10 -158.842 6.27468 -0.266667 0.190022 24.0647 5.05933 622.777 35.5606
n1.133_3.41 -153.833 4.07284 -0.255767 0.0887199 32.2739 6.14161 631.702 32.5133
n1.133_3.72 -151.717 0.997157 -0.3492 0.0449699 59.3519 9.61818 1236.73 45.0131
n1.133_4.03 -152.575 1.76965 -0.327767 0.0889015 24.5681 4.86925 456.378 28.3544
n1.133_4.34 -151.92 5.83506 -0.2851 0.146316 7.70331 1.70287 70.8557 5.3722
n1.133_4.65 -151.714 0.584262 -0.409033 0.0257488 29.9743 3.56067 327.623 20.7519
n1.133_4.96 -151.741 0.79872 -0.240933 0.0362021 39.4488 4.94132 599.677 43.052
n1.133_5.27 -154.924 4.77489 -0.148967 0.0879829 25.7751 3.7956 593.878 43.012
n1.133_5.58 -152.372 1.32019 -0.223 0.111063 31.2539 5.07416 427.508 39.1678
n1.133_5.89 -152.695 2.26976 -0.307933 0.103276 27.6636 5.05015 569.964 53.7482
n1.221_0 -150.908 2.59153 -0.2648 0.115467 32.4295 5.52899 767.824 82.1903
n1.221_0.39 -147.868 2.93511 -0.3301 0.124166 40.6144 5.34158 615.383 49.9575
n1.221_0.78 -153.377 3.45547 -0.201233 0.114862 34.5668 5.551 460.263 21.4392
n1.221_1.17 -150.983 0.940065 -0.338033 0.0479242 59.7489 9.28769 1501.18 68.5789
n1.221_1.56 -148.716 2.27499 -0.419833 0.112932 40.7839 6.72136 988.593 81.4735
n1.221_1.95 -151.07 2.30687 -0.201567 0.128067 24.9319 4.99697 333.574 26.5809
n1.221_2.34 -149.946 0.640586 -0.276367 0.0371492 33.8595 4.33633 372.064 22.8624
n1.221_2.73 -153.561 1.2635 -0.287167 0.0805086 32.2682 3.97931 423.465 21.1627
n1.221_3.12 -158.967 3.83344 -0.1861 0.188335 16.7703 4.1167 318.308 28.3318
n1.221_3.51 -150.203 6.13461 -0.2689 0.110537 29.0448 5.81219 466.108 21.8097
n1.221_3.90 -151.02 2.27879 -0.267867 0.125 19.7031 3.52637 238.346 18.9884
n1.221_4.29 -141.716 2.05038 -0.0959667 0.137849 5.84331 0.919609 46.8433 8.49859
n1.221_4.68 -155.504 3.61344 -0.203367 0.10716 13.8956 2.80359 197.283 17.2062
n1.221_5.07 -152.263 0.583436 -0.1116 0.0290673 25.8021 3.2334 331.744 32.8955
n1.221_5.46 -149.662 1.11408 -0.418133 0.0802968 27.083 5.57054 555.362 38.4162
n1.221_5.85 -148.139 1.61954 -0.3915 0.0743017 38.2036 6.48894 713.364 45.9346
n1.308_0 -148.328 1.94436 -0.3134 0.0889661 28.8354 4.84718 429.719 45.7774
n1.308_0.52 -145.603 2.81053 -0.4088 0.116179 13.3788 3.11738 178.096 26.6129
n1.308_1.04 -150.278 0.851488 -0.216967 0.0420658 47.7468 6.26562 714.29 32.0546
n1.308_1.56 -149.522 2.5509 -0.221733 0.141431 32.7644 6.0883 761.132 68.5976
n1.308_2.08 -149.231 1.35881 -0.271367 0.0780261 37.7918 6.3273 601.261 28.3998
n1.308_2.60 -149.142 0.473048 -0.2864 0.0274756 32.439 4.85345 342.791 35.8342
n1.308_3.12 -149.544 0.888405 -0.182267 0.0744782 58.3295 6.79373 1112.96 47.3386
n1.308_3.64 -153.47 6.46305 -0.217267 0.168402 21.1853 3.72157 357.398 23.5474
n1.308_4.16 -152.755 3.07093 -0.2433 0.187172 5.66939 1.21798 41.2226 3.06245
n1.308_4.68 -155.897 7.22676 -0.259933 0.153994 8.3882 1.80768 117.461 11.3855
n1.308_5.20 -158.732 8.29187 -0.319133 0.127202 8.33615 1.79927 94.7787 14.6643
n1.308_5.72 -147.078 0.940568 -0.4394 0.0500617 22.4941 3.83854 351.313 25.0613
n1.395_0 -147.864 1.76972 -0.356867 0.106407 13.1766 1.70291 100.026 6.47814
n1.395_0.78 -146.068 1.55815 -0.273467 0.0663253 23.7068 3.57317 341.871 27.636
n1.395_1.56 -149.315 2.34155 -0.367633 0.0822383 28.3658 4.86645 528.058 41.2046
n1.395_2.34 -147.156 2.6097 -0.369833 0.0716401 28.8718 6.02193 464.312 37.6183
n1.395_3.12 -149.742 0.865279 -0.280167 0.113998 78.2066 9.1467 1503.31 58.6392
n1.395_3.90 -152.154 1.03911 -0.284467 0.142972 31.3545 3.91864 495.964 47.7141
n1.395_4.68 -152.618 2.88063 -0.276133 0.140127 11.0212 2.28657 129.676 16.7632
n1.395_5.46 -156.688 6.38148 -0.211133 0.210445 13.5315 2.83928 137.205 18.0232
n1.482_0 -153.992 7.36185 -0.2482 0.188491 8.72906 2.70055 73.5805 14.7094
n1.482_1.57 -151.306 7.41526 -0.2917 0.0907031 15.6017 3.80999 188.606 23.1534
n1.482_3.14 -152.556 1.55998 -0.379667 0.110724 41.1122 5.35377 672.419 66.7336
n1.482_4.71 -151.964 1.91538 -0.217933 0.143659 13.2492 2.79115 121.319 21.5893
n1.571_0 -154.893 6.94643 -0.235533 0.165822 8.2306 2.57494 59.4419 6.8349
