0.087_0 -220.411 3.3833 -0.523233 0.143467 58.2509 8.16394 1140.12 52.2396
0.087_0.09 -225.132 6.159 -0.488933 0.182716 45.6849 6.18757 868.056 51.2921
0.087_0.18 -228.496 7.32688 -0.316967 0.244652 23.6275 4.20083 388.118 35.4026
0.087_0.27 -225.81 4.18537 -0.500433 0.113713 15.1553 3.19781 182.17 21.7683
0.087_0.36 -226.018 3.8518 -0.5171 0.169526 14.9578 3.16753 173.12 18.4777
0.087_0.45 -225.517 7.1464 -0.445167 0.232904 9.55949 2.69685 136.756 15.598
0.087_0.54 -222.017 2.61129 -0.5066 0.103437 13.0083 1.51452 118.598 14.9235
0.087_0.63 -220.996 2.41644 -0.4349 0.125983 10.2289 1.09045 90.7747 17.4255
0.087_0.72 -220.418 3.02616 -0.4044 0.135242 20.2505 3.63475 371.281 30.1496
0.087_0.81 -219.473 1.38811 -0.489967 0.0707903 51.1099 7.16973 1022.45 53.3554
0.087_0.90 -222.194 0.761255 -0.605467 0.0665887 89.0454 9.44931 1565.54 90.6224
0.087_0.99 -223.298 0.844018 -0.563567 0.0782757 67.1507 8.33205 976.306 58.8593
0.087_1.08 -226.789 2.63258 -0.429367 0.123005 35.3532 4.86072 656.191 49.1506
0.087_1.17 -222.718 0.883344 -0.447 0.0559821 43.3726 6.30915 643.286 33.7033
0.087_1.26 -224.166 1.70388 -0.458267 0.0944909 46.7185 7.62141 971.178 44.5878
0.087_1.35 -226.037 1.52563 -0.383933 0.1 47.2979 9.43221 1017.77 49.39
0.087_1.44 -225.391 4.00229 -0.3416 0.179056 41.0272 8.96915 978.342 54.3714
0.087_1.53 -221.178 0.736435 -0.607033 0.0363125 68.3923 8.187 1034.02 55.3036
0.087_1.62 -222.212 3.14126 -0.6037 0.113259 24.8773 4.85069 323.448 21.7876
0.087_1.71 -220.936 3.02217 -0.580867 0.156066 18.8108 3.68848 272.095 23.6941
0.087_1.80 -223.762 4.0622 -0.590133 0.112451 29.3468 4.97412 549.241 51.077
0.087_1.89 -226.16 2.99324 -0.427067 0.133583 40.4574 5.5127 778.281 53.3773
0.087_1.98 -224.437 1.82346 -0.388867 0.144044 28.424 4.95595 383.875 36.2432
0.087_2.07 -225.877 1.24758 -0.457667 0.182299 22.8119 3.76167 317.509 32.6283
0.087_2.16 -221.599 3.37363 -0.561433 0.162774 19.8734 3.98587 323.497 59.0592
0.087_2.25 -227.255 7.19439 -0.397733 0.297633 9.62286 2.10314 122.472 10.5758
0.087_2.34 -224.7 4.13089 -0.346133 0.252904 17.279 3.65132 402.633 53.7029
0.087_2.43 -226.449 3.17713 -0.451 0.219584 29.4788 4.76087 810.141 69.8071
0.087_2.52 -224.895 2.67789 -0.335667 0.22015 25.5814 3.58504 596.359 50.8045
0.087_2.61 -228.931 1.38931 -0.457767 0.0515546 30.2915 4.42159 417.254 22.3819
0.087_2.70 -226.852 3.82001 -0.514933 0.117943 56.376 7.20807 877.651 30.8151
0.087_2.79 -223.432 5.21216 -0.5855 0.168258 56.776 7.93069 1057.27 34.9963
0.087_2.88 -225.219 4.14543 -0.517033 0.125408 30.6276 6.45713 646.29 22.9956
0.087_2.97 -228.268 2.3459 -0.297967 0.146833 18.2579 2.80327 219.764 19.6164
0.087_3.06 -227.554 4.60306 -0.4357 0.175451 33.7632 6.22753 652.122 33.4245
0.087_3.15 -224.647 0.815416 -0.505567 0.0962643 100.217 10.3881 2053.72 58.7713
0.087_3.24 -224.785 0.753 -0.525233 0.0554113 130.46 11.3034 2756.4 71.5353
0.087_3.33 -223.822 0.699401 -0.530067 0.0317563 133.513 12.7373 2628.82 84.1095
0.087_3.42 -224.621 1.01106 -0.4938 0.0645871 107.169 10.8422 1990.84 92.8281
0.087_3.51 -222.859 1.44598 -0.610833 0.0965901 52.0162 7.2629 966.296 63.982
0.087_3.60 -223.082 1.03264 -0.6362 0.0684127 79.8075 10.7612 1198.19 57.9095
0.087_3.69 -221.733 0.710157 -0.6151 0.0513828 120.389 12.0538 1895.58 55.1077
0.087_3.78 -223.663 0.723848 -0.5535 0.0370416 153.03 14.6682 3390.36 68.8968
0.087_3.87 -222.973 0.34136 -0.612967 0.0348874 344.769 25.1658 7613.61 111.036
0.087_3.96 -223.568 0.358369 -0.537033 0.0628379 518.797 30.4428 12579.4 128.328
0.087_4.05 -225.065 0.596609 -0.4729 0.0685229 217.452 19.9491 5264.24 92.3261
0.087_4.14 -223.979 0.296793 -0.496767 0.0228417 85.3783 6.36015 897.266 58.0417
0.087_4.23 -222.925 0.708477 -0.531 0.0404145 54.129 6.56721 762.539 50.1895
0.087_4.32 -222.103 1.1493 -0.572333 0.0812664 27.9394 4.93129 510.198 55.8233
0.087_4.41 -222.249 1.16395 -0.596233 0.0886582 53.2969 6.86387 1108.39 57.0618
0.087_4.50 -226.337 2.56133 -0.335767 0.18522 68.4617 8.44625 1200.4 49.3064
0.087_4.59 -224.043 1.79392 -0.416167 0.158445 87.6076 8.74529 916.131 39.7444
0.087_4.68 -223.681 0.954627 -0.451667 0.0898567 107.325 7.99885 1290.11 70.0903
0.087_4.77 -223.742 2.14801 -0.5468 0.120085 28.8943 4.49863 450.514 29.8619
0.087_4.86 -226.084 3.75812 -0.4025 0.191952 131.742 11.3697 2907.54 85.9967
0.087_4.95 -229.344 5.30168 -0.2328 0.248965 139.892 11.1461 2911.86 79.1151
0.087_5.04 -227.224 6.01385 -0.306033 0.257977 21.4398 4.50781 448.76 38.9703
0.087_5.13 -224.716 3.7575 -0.412867 0.206341 16.9692 3.69077 219.675 20.6601
0.087_5.22 -225.967 3.03822 -0.5274 0.104775 41.4999 5.91423 857.05 40.642
0.087_5.31 -224.71 4.37285 -0.522867 0.130166 62.4321 9.60812 1346.45 72.1205
0.087_5.40 -221.117 0.732363 -0.590333 0.0265623 89.5674 11.7496 1477.55 74.414
0.087_5.49 -221.782 0.987213 -0.589 0.0409715 84.4482 11.6526 1669.1 69.3075
0.087_5.58 -225.852 0.848179 -0.468633 0.0302225 139.011 12.2779 2552.7 77.4796
0.087_5.67 -225.135 3.37572 -0.516833 0.126051 134.137 13.7271 2748.12 61.3253
0.087_5.76 -227.804 4.38634 -0.3827 0.154763 62.5873 9.94718 1289.01 49.9266
0.087_5.85 -224 1.02533 -0.4049 0.0955569 65.9263 8.66427 1442.58 66.8129
0.087_5.94 -224.232 2.04919 -0.5003 0.091607 80.7601 10.0894 1841.16 82.0818
0.087_6.03 -228.398 1.74303 -0.215567 0.0883147 83.468 9.08363 1586.8 59.3319
0.174_0 -224.796 3.73751 -0.527567 0.139671 27.9768 5.86413 605.087 37.2892
0.174_0.09 -229.363 4.44275 -0.3847 0.146052 66.0695 7.29284 973.028 48.7103
0.174_0.18 -224.888 1.60037 -0.499833 0.0569295 64.5018 7.08238 754.959 40.3414
0.174_0.27 -223.839 1.53883 -0.503167 0.0601136 38.2912 5.5442 470.384 38.3879
0.174_0.36 -222.577 0.794958 -0.521733 0.0583678 28.0868 4.72991 450.103 49.195
0.174_0.45 -223.95 4.04331 -0.504067 0.121348 14.7439 3.73071 274.277 39.0648
0.174_0.54 -225.728 0.953224 -0.427667 0.0443571 20.8489 2.75049 166.678 14.2596
0.174_0.63 -225.057 5.17574 -0.4379 0.173203 9.1659 1.93015 84.9298 11.5147
0.174_0.72 -219.064 2.65316 -0.2985 0.145247 24.7209 4.81311 300.774 29.2251
0.174_0.81 -219.842 2.19853 -0.401367 0.141928 27.1641 3.96919 340.712 25.6323
0.174_0.90 -220.766 1.03358 -0.506667 0.0718092 29.3817 4.60194 402.979 33.6169
0.174_0.99 -224.149 1.03717 -0.4316 0.0523097 33.7432 4.82188 425.838 37.6448
0.174_1.08 -226.176 2.00864 -0.404467 0.114441 27.0217 4.29695 498.494 47.8404
0.174_1.17 -228.282 2.81587 -0.253333 0.201243 17.1481 3.95733 344.135 39.1172
0.174_1.26 -224.507 1.68444 -0.528367 0.0867644 34.8845 5.82354 779.156 46.3877
0.174_1.35 -225.256 1.19833 -0.5463 0.0706039 58.1964 8.41546 1092.24 40.8313
0.174_1.44 -227.135 6.44062 -0.4434 0.245001 29.4659 5.52746 683.976 29.8721
0.174_1.53 -221.474 0.994477 -0.5926 0.0964889 42.1689 6.89009 568.888 33.5355
0.174_1.62 -224.839 3.73401 -0.4622 0.226978 29.3043 5.04141 463.639 31.6214
0.174_1.71 -224.775 6.12019 -0.528267 0.195937 23.4477 5.03597 348.694 27.7622
0.174_1.80 -223.01 0.584073 -0.5518 0.0341959 54.9351 7.12825 832.856 47.1303
0.174_1.89 -223.095 0.473367 -0.553167 0.0279578 89.7462 8.31105 1455.76 70.1059
0.174_1.98 -224.533 1.04208 -0.522467 0.0483099 50.646 5.92664 757.894 49.6812
0.174_2.07 -225.527 4.14003 -0.4626 0.185293 26.0562 5.36175 436.586 32.7974
0.174_2.16 -223.404 2.19063 -0.438767 0.202749 20.3419 3.85846 262.746 24.7315
0.174_2.25 -225.801 3.957 -0.325867 0.209411 19.1327 3.9885 309.338 34.178
0.174_2.34 -225.708 1.68864 -0.461267 0.129769 36.7781 5.19335 561.462 50.5475
0.174_2.43 -224.352 1.79511 -0.603633 0.128815 40.9645 6.58709 997.809 66.5237
0.174_2.52 -224.69 0.861189 -0.677633 0.0291032 94.4972 6.22211 973.06 47.0433
0.174_2.61 -230.862 2.48182 -0.543867 0.0840344 56.0668 6.79115 597.581 21.5236
0.174_2.70 -224.206 2.61323 -0.660833 0.0539781 50.1232 6.49746 799.279 29.1529
0.174_2.79 -223.701 3.7091 -0.670967 0.093 29.4331 5.55526 550.318 28.877
0.174_2.88 -222.39 2.23555 -0.529067 0.212915 23.2881 6.10732 402.654 20.6688
0.174_2.97 -225.154 4.14351 -0.552767 0.132048 29.6692 5.55374 641.773 32.419
0.174_3.06 -222.701 1.68228 -0.646867 0.0719878 47.5862 7.61792 1064.37 39.0555
0.174_3.15 -225.357 1.036 -0.5138 0.111813 90.4149 10.7293 1931.22 51.8936
0.174_3.24 -224.431 1.34161 -0.5079 0.0753794 76.9292 9.55495 1516.83 52.3244
0.174_3.33 -223.221 0.983853 -0.5659 0.0420594 64.839 8.24142 1066.39 66.0846
0.174_3.42 -221.689 1.01062 -0.556967 0.0608117 58.9457 6.88857 939.895 62.1477
0.174_3.51 -221.691 4.25559 -0.508633 0.141426 36.4325 5.60617 626.42 33.1854
0.174_3.60 -223.364 1.40956 -0.558667 0.101252 86.5161 11.283 1275.56 52.2318
0.174_3.69 -223.666 1.48975 -0.547333 0.0964014 78.5232 10.9729 1592.98 50.8781
0.174_3.78 -223.486 1.04202 -0.580767 0.0529051 99.1763 14.071 1995.55 49.4091
0.174_3.87 -225.715 1.54683 -0.504867 0.0826582 149.44 16.4067 3855.97 77.6236
0.174_3.96 -225.09 0.42164 -0.6088 0.0552313 334.302 27.2597 7722.37 98.4555
0.174_4.05 -224.447 0.432324 -0.443467 0.0286458 228.34 17.1622 4022.69 73.6529
0.174_4.14 -222.908 0.394417 -0.483367 0.0223621 70.1126 6.24011 771.804 38.9187
0.174_4.23 -222.264 0.489483 -0.484967 0.0349466 73.3863 8.1431 1162.64 62.2604
0.174_4.32 -220.468 1.02266 -0.673567 0.0613005 76.7292 9.04175 1372.37 66.5443
0.174_4.41 -223.011 1.13206 -0.541067 0.0819105 98.0293 9.16836 2114.06 68.9132
0.174_4.50 -223.853 1.42731 -0.549467 0.0990571 73.538 9.17216 1850.72 59.7426
0.174_4.59 -224.766 1.23915 -0.411767 0.105668 54.7386 7.28036 962.537 65.4911
0.174_4.68 -223.898 0.589124 -0.506067 0.0500566 70.8569 6.52876 987.502 69.572
0.174_4.77 -226.586 1.56796 -0.423367 0.0867491 18.3992 2.21493 213.461 20.9375
0.174_4.86 -226.736 4.64758 -0.300967 0.168759 36.4162 4.85486 1038.72 40.5697
0.174_4.95 -226.345 4.79721 -0.334067 0.20612 52.2781 6.87046 1407.52 51.6772
0.174_5.04 -231.568 3.14723 -0.1194 0.162983 32.998 4.99449 642.251 32.2736
0.174_5.13 -223.366 6.85772 -0.5199 0.231646 23.5769 4.76943 451.594 29.3907
0.174_5.22 -218.816 1.06186 -0.682633 0.0480312 64.4027 7.41432 957.27 54.1351
0.174_5.31 -220.14 1.17996 -0.667167 0.0354162 94.7252 9.50105 1447.97 67.2252
0.174_5.40 -220.632 1.16185 -0.5616 0.0490337 166.255 12.3089 2265.23 76.87
0.174_5.49 -226.406 3.71943 -0.378633 0.124314 160.587 12.1512 2510.3 74.8585
0.174_5.58 -226.849 3.96959 -0.4044 0.132312 48.0585 7.54066 1295.54 67.068
0.174_5.67 -224.319 1.6235 -0.458467 0.0750483 76.0788 9.65835 1380.29 68.2517
0.261_0 -225.919 7.79762 -0.507967 0.206329 12.7822 3.05551 231.336 18.2549
0.261_0.10 -223.502 7.04099 -0.541067 0.213824 48.3262 7.7232 582.621 28.989
0.261_0.20 -223.843 1.09507 -0.5112 0.0391147 70.0255 8.6634 879.991 35.7137
0.261_0.30 -223.479 1.46967 -0.5 0.0516366 58.2022 6.9657 1018.13 54.4883
0.261_0.40 -224.786 2.93677 -0.459967 0.108292 29.5198 4.66764 637.4 51.4504
0.261_0.50 -227.183 2.00173 -0.431733 0.108809 32.3864 3.40346 404.952 30.5513
0.261_0.60 -226.615 2.81427 -0.461 0.207173 24.9109 3.42385 371.254 27.7034
0.261_0.70 -220.979 3.01102 -0.277333 0.151371 16.3646 2.98437 179.57 24.4855
0.261_0.80 -219.255 1.9213 -0.459867 0.165181 27.7497 4.70156 338.016 35.7169
0.261_0.90 -220.814 3.44266 -0.4137 0.193216 18.6502 3.77284 257.627 31.8821
0.261_1.00 -222.334 1.17569 -0.511567 0.102075 24.9723 3.75087 379.897 36.174
0.261_1.10 -220.008 5.03417 -0.536133 0.180186 25.7299 5.53985 547.784 34.1899
0.261_1.20 -224.679 5.7534 -0.2815 0.293742 15.4644 3.46336 397.247 37.351
0.261_1.30 -224.789 4.88687 -0.5514 0.190672 42.2921 7.12248 726.179 46.0315
0.261_1.40 -232.629 8.52687 -0.4889 0.268969 36.6937 5.56772 670.154 44.6852
0.261_1.50 -229.255 8.20952 -0.2303 0.163076 11.0706 2.47848 133.265 9.32998
0.261_1.60 -227.453 5.67017 -0.3182 0.285009 23.2475 5.01831 430.793 29.915
0.261_1.70 -229.36 5.84669 -0.375267 0.269691 23.1734 3.71895 456.672 30.09
0.261_1.80 -225.037 1.74268 -0.598967 0.0849129 25.5796 4.31089 353.962 28.4675
0.261_1.90 -223.097 0.604252 -0.571833 0.0250394 70.9882 8.604 1011.47 58.751
0.261_2.00 -225.148 4.09401 -0.506033 0.148449 25.7392 4.89804 359.065 31.2544
0.261_2.10 -224.476 0.736137 -0.490267 0.137776 50.3069 7.03466 919.557 51.8858
0.261_2.20 -226.634 4.15935 -0.522067 0.166754 62.5224 11.2109 2439.54 50.9677
0.261_2.30 -225.568 1.65701 -0.5458 0.0730408 127.096 16.771 3628.96 90.7221
0.261_2.40 -226.969 1.02103 -0.5208 0.0585659 95.2806 11.1228 2520.4 77.0765
0.261_2.50 -224.007 0.842099 -0.686633 0.0258573 166.349 11.6903 1955.06 57.7238
0.261_2.60 -225.518 2.10278 -0.655467 0.0662926 115.765 8.48946 1297.65 31.3586
0.261_2.70 -224.79 2.50079 -0.646133 0.112657 30.3239 4.30626 527.859 21.8731
0.261_2.80 -228.114 6.54683 -0.408867 0.257061 21.6517 4.05507 429.195 29.9548
0.261_2.90 -221.382 2.22004 -0.558067 0.239975 36.7913 5.70116 695.097 32.5823
0.261_3.00 -223.09 2.01605 -0.561233 0.0954233 40.4642 7.57584 894.608 39.8624
0.261_3.10 -223.071 2.92026 -0.590433 0.15082 43.5716 6.56537 871.782 44.4601
0.261_3.20 -224.747 2.39918 -0.527533 0.190072 46.6805 6.74872 716.918 33.7776
0.261_3.30 -224.45 2.08102 -0.5636 0.144018 37.354 5.72978 558.565 31.8158
0.261_3.40 -222.49 0.843276 -0.531467 0.0386236 48.7374 5.68521 635.68 29.987
0.261_3.50 -224.895 2.70932 -0.4869 0.125356 44.9563 6.76987 744.477 34.9282
0.261_3.60 -222.137 2.2441 -0.555967 0.133333 54.9455 10.0231 1604.1 45.8954
0.261_3.70 -223.4 0.725889 -0.601 0.0905207 129.639 14.4212 3294.16 82.4153
0.261_3.80 -222.577 0.679176 -0.5881 0.0735884 152.094 16.9638 3606.13 79.3007
0.261_3.90 -225.373 1.58537 -0.621133 0.0716379 144.966 18.6939 3943.47 61.1644
0.261_4.00 -224.235 0.436751 -0.556567 0.0549 249.89 18.5994 4588.15 68.8812
0.261_4.10 -222.246 1.33373 -0.519967 0.0626094 120.253 10.4045 1583.28 52.6286
0.261_4.20 -221.256 0.734775 -0.526733 0.0333935 94.8766 9.48328 1496.97 63.8328
0.261_4.30 -222.507 0.675517 -0.530167 0.0480379 127.548 11.9066 2188.58 67.9217
0.261_4.40 -223.008 0.920263 -0.6159 0.0617116 129.869 10.9447 2399.33 80.3392
0.261_4.50 -223.812 1.64472 -0.5706 0.0773854 51.9147 8.6814 1359.08 69.836
0.261_4.60 -228.899 8.99247 -0.3992 0.26247 24.2382 5.40938 759.373 38.8256
0.261_4.70 -226.198 5.5326 -0.3943 0.176726 16.9456 3.24445 352.957 32.0006
0.261_4.80 -227.54 11.2146 -0.439 0.283498 5.44024 1.42874 118.48 20.6437
0.261_4.90 -221.827 3.80428 -0.4805 0.248504 12.4676 2.45063 275.517 35.0306
0.261_5.00 -226.872 4.18616 -0.193633 0.206462 23.214 4.98989 488.489 28.6889
0.261_5.10 -224.294 2.74206 -0.2224 0.229775 33.5452 6.73454 787.96 37.1386
0.261_5.20 -220.007 1.71911 -0.4934 0.165752 73.9612 7.55996 1328.07 50.9037
0.261_5.30 -222.126 1.76138 -0.6399 0.0554959 71.566 8.93626 1087.38 49.0668
0.261_5.40 -224.504 1.10676 -0.516767 0.0365205 151.035 10.4763 1990.05 49.414
0.261_5.50 -226.103 2.34393 -0.433433 0.0732512 236.273 14.5331 3049.72 72.4936
0.261_5.60 -222.684 1.74166 -0.523967 0.0570923 172.847 11.5106 2513.07 78.0124
0.261_5.70 -223.25 3.85731 -0.485167 0.149785 105.423 9.47685 1711.42 56.4398
0.261_5.80 -224.61 3.6289 -0.418267 0.134447 54.4559 5.70265 917.101 50.4019
0.261_5.90 -219.928 1.52376 -0.587733 0.0611228 63.204 6.5114 994.363 56.4095
0.348_0 -224.657 4.30264 -0.3927 0.204231 26.484 3.9502 481.007 46.887
0.348_0.11 -217.602 2.22849 -0.6342 0.0897205 30.1161 5.49809 408.814 47.8221
0.348_0.22 -223.495 3.47929 -0.5259 0.11054 33.309 6.56504 534.713 34.0341
0.348_0.33 -222.064 3.92447 -0.551533 0.125972 36.6657 6.31183 667.389 43.5133
0.348_0.44 -226.859 1.34218 -0.373867 0.0462217 53.9389 7.69904 1379.15 57.9138
0.348_0.55 -228.093 2.13108 -0.326667 0.126817 45.9301 4.73891 946.145 41.2168
0.348_0.66 -225.455 7.23773 -0.449167 0.17135 9.70722 2.68507 174.333 18.6501
0.348_0.77 -220.205 2.55706 -0.528933 0.168982 27.3363 3.0329 351.635 33.6072
0.348_0.88 -219.786 1.55571 -0.609267 0.132598 37.5895 4.73162 486.125 41.2092
0.348_0.99 -221.234 2.89542 -0.597767 0.199537 27.101 5.03425 410.012 35.6927
0.348_1.10 -219.568 3.51274 -0.5137 0.150638 32.9214 6.62945 689.502 38.3274
0.348_1.21 -224.392 6.47902 -0.3188 0.217249 19.6626 3.75634 347.668 23.6445
0.348_1.32 -222.647 2.19369 -0.482967 0.240615 29.6628 5.66417 483.086 46.1586
0.348_1.43 -234.627 8.07149 -0.2285 0.253559 10.4918 2.65959 135.085 7.41131
0.348_1.54 -222.479 7.72994 -0.4692 0.224586 9.37889 1.9631 130.604 17.7886
0.348_1.65 -231.405 8.35442 -0.313567 0.252777 13.0622 2.33025 240.301 26.7518
0.348_1.76 -228.022 3.31241 -0.390333 0.217554 16.0337 3.09095 251.015 15.3608
0.348_1.87 -226.305 1.82315 -0.497967 0.0637427 46.1023 6.10837 593.552 33.6336
0.348_1.98 -228.689 3.21832 -0.318667 0.169078 100.677 9.24276 1828.53 97.7522
0.348_2.09 -224.634 0.95204 -0.474633 0.0553215 76.9807 8.28549 1367.77 80.9576
0.348_2.20 -225.502 0.669211 -0.584367 0.030337 120.895 14.1991 2491.33 61.716
0.348_2.31 -226.331 0.645584 -0.571433 0.0304655 188.525 16.6889 4905.34 113.141
0.348_2.42 -229.875 0.610993 -0.511467 0.0252676 147.676 14.8673 3263.66 74.8251
0.348_2.53 -229.413 3.70024 -0.530333 0.117851 117.038 11.0236 1446.78 37.565
0.348_2.64 -230.107 4.01 -0.507567 0.154641 24.7006 3.99208 554.269 21.7258
0.348_2.75 -225.668 3.13363 -0.5641 0.166369 25.598 4.96436 418.103 26.6566
0.348_2.86 -226.768 5.75067 -0.5456 0.203019 22.9549 3.26446 439.443 30.1404
0.348_2.97 -224.147 1.18411 -0.506333 0.093813 71.0157 8.06375 1035.32 37.8506
0.348_3.08 -224.111 1.09871 -0.539667 0.0520662 65.85 8.42419 1254.3 41.7045
0.348_3.19 -225.957 1.61752 -0.519067 0.187512 64.1324 9.92092 1413.43 52.3004
0.348_3.30 -224.555 1.22512 -0.6642 0.0563953 71.5336 8.81782 1336.63 43.1305
0.348_3.41 -223.438 0.453272 -0.533733 0.0365677 95.682 9.10519 1369.48 57.2623
0.348_3.52 -222.043 2.74629 -0.5565 0.110825 51.4714 8.26117 942.623 39.234
0.348_3.63 -224.443 0.775621 -0.5487 0.0678948 268.813 22.0884 7172.26 135.939
0.348_3.74 -223.771 0.415209 -0.598 0.0429146 293.569 21.6437 7266.48 134.79
0.348_3.85 -222.868 0.452286 -0.593967 0.0327241 159.75 17.8074 3886.77 91.6224
0.348_3.96 -223.937 0.353946 -0.600067 0.0213025 227.448 16.7154 4044.36 66.9222
0.348_4.07 -223.213 1.00242 -0.5489 0.0506681 215.519 12.7771 2495.91 58.0444
0.348_4.18 -221.445 1.37495 -0.555933 0.0668904 160.501 11.6388 1928.74 49.6836
0.348_4.29 -222.462 1.03632 -0.4608 0.0455554 113.868 10.5538 1803.05 71.2481
0.348_4.40 -222.294 0.6337 -0.570767 0.112064 122.366 11.4449 1983.48 66.3268
0.348_4.51 -225.617 7.78378 -0.5223 0.237987 33.127 5.74969 738.783 50.2699
0.348_4.62 -224.251 8.38083 -0.5713 0.216153 39.1358 6.23305 888.965 43.6042
0.348_4.73 -223.286 6.41279 -0.412367 0.17823 14.0681 3.47823 254.809 33.328
0.348_4.84 -221.413 0.577745 -0.465633 0.0240735 32.6153 3.67037 399.773 33.2692
0.348_4.95 -221.778 2.76429 -0.5519 0.181553 17.6989 3.84108 475.494 33.5784
0.348_5.06 -221.979 0.64811 -0.318533 0.0837133 47.229 8.22118 820.699 34.4909
0.348_5.17 -223.109 0.728913 -0.423867 0.0661698 101.443 10.9898 1401.12 48.749
0.348_5.28 -221.515 0.547362 -0.5831 0.0567561 66.0221 9.69959 1044.91 39.1765
0.348_5.39 -225.989 3.77013 -0.5758 0.111066 47.5345 6.85705 941.005 50.6812
0.348_5.50 -223.092 1.15678 -0.535267 0.0390358 129.474 11.2305 1908.99 79.8351
0.348_5.61 -219.636 2.5986 -0.640767 0.0804049 150.01 10.2433 2422.32 69.3319
0.348_5.72 -221.507 1.33751 -0.594867 0.0465587 199.941 12.0279 2818.09 66.3169
0.348_5.83 -221.509 0.533265 -0.564 0.0231733 151.711 11.232 2208.04 54.0723
0.348_5.94 -220.369 1.00456 -0.540567 0.0414505 73.5179 5.61003 1064.46 39.7761
0.348_6.05 -221.53 0.715547 -0.524867 0.0352947 52.9144 7.25426 858.439 32.4174
0.436_0 -220.193 5.18681 -0.468567 0.226315 41.6033 6.82479 1069.87 67.9581
0.436_0.12 -214.986 2.15763 -0.6577 0.0909914 56.5007 6.50883 1383.84 69.67
0.436_0.24 -228.723 10.0815 -0.431333 0.219998 10.8782 2.27795 143.461 12.385
0.436_0.36 -224.247 1.51771 -0.475567 0.0697291 35.8959 6.0003 515.616 28.476
0.436_0.48 -227.576 2.70544 -0.4464 0.123546 51.1443 8.17259 1774.21 61.8973
0.436_0.60 -227.354 5.03772 -0.335467 0.278695 18.3779 4.00241 239.405 19.3755
0.436_0.72 -232.712 10.8112 -0.4114 0.138729 9.54949 1.92345 145.362 26.3574
0.436_0.84 -221.049 0.668211 -0.5103 0.113027 49.7323 5.59989 530.131 36.543
0.436_0.96 -223.833 4.72929 -0.3361 0.183769 22.375 4.87458 427.769 22.5154
0.436_1.08 -226.345 6.66114 -0.410867 0.182817 19.5814 4.25745 387.702 22.7697
0.436_1.20 -225.98 6.79548 -0.313433 0.197713 17.4616 3.37293 338.936 28.1101
0.436_1.32 -222.89 5.25323 -0.304833 0.230024 17.4957 4.32148 408.875 38.6983
0.436_1.44 -230.757 7.68928 -0.279033 0.26234 11.9177 3.54567 227.952 17.35
0.436_1.56 -221.495 2.00656 -0.6096 0.0965818 12.0187 2.34931 61.2395 7.71648
0.436_1.68 -227.74 3.58304 -0.444467 0.196821 14.7217 3.13517 216.862 28.8468
0.436_1.80 -230.372 4.43799 -0.305567 0.233655 28.7928 4.8787 561.686 24.2097
0.436_1.92 -227.26 1.32655 -0.416833 0.0873173 133.32 11.8556 2670.37 188.833
0.436_2.04 -231.468 1.80541 -0.183133 0.103174 155.215 11.6256 2817.88 125.22
0.436_2.16 -226.435 1.63132 -0.518833 0.0798977 50.4228 8.02687 841 37.7442
0.436_2.28 -226.785 0.415863 -0.600433 0.0206562 117.464 13.4846 2656.85 82.7321
0.436_2.40 -229.05 1.53931 -0.5357 0.0556619 87.8102 12.2152 2945.54 83.5298
0.436_2.52 -224.461 1.65506 -0.631667 0.092453 62.6852 9.19164 1419.7 43.6071
0.436_2.64 -229.012 4.09631 -0.332633 0.142348 27.9208 6.05013 732.094 28.4852
0.436_2.76 -222.538 3.22405 -0.197633 0.220464 27.3288 3.44776 266.477 27.7641
0.436_2.88 -224.18 0.707884 -0.5243 0.0476107 61.9172 9.63682 1047.72 34.7285
0.436_3.00 -224.443 0.34639 -0.4138 0.0357607 207.705 16.7224 3457.04 62.0992
0.436_3.12 -225.287 0.384866 -0.530033 0.0366797 209.549 20.2362 4968.98 82.9571
0.436_3.24 -226.203 0.657216 -0.672333 0.0593876 145.322 15.2465 3096.97 52.8921
0.436_3.36 -223.6 0.830971 -0.609767 0.057719 125.409 14.96 2680.56 59.0882
0.436_3.48 -223.61 0.448404 -0.513333 0.0314095 199.613 19.3378 4914.24 93.0253
0.436_3.60 -223.781 0.444499 -0.595533 0.0349015 410.699 28.2219 13985.6 184.951
0.436_3.72 -224.164 0.448958 -0.6355 0.0352337 352.327 25.2251 11780.1 177.795
0.436_3.84 -223.547 0.693918 -0.5914 0.0293458 74.7561 10.4722 1549.28 41.4602
0.436_3.96 -224.297 0.584441 -0.6093 0.0452708 112.717 12.7968 2269.98 58.7973
0.436_4.08 -224.315 3.12092 -0.4295 0.135125 72.7421 9.15313 1097.96 42.3738
0.436_4.20 -220.909 2.03132 -0.557667 0.0749592 77.8196 10.976 1383.49 57.251
0.436_4.32 -222.6 6.26673 -0.427533 0.175771 31.5247 5.63599 624.338 51.7111
0.436_4.44 -222.419 0.716915 -0.453833 0.104021 52.4463 6.20535 730.13 40.5343
0.436_4.56 -221.883 5.01293 -0.543 0.244258 25.7403 6.31524 713.445 26.2178
0.436_4.68 -222.41 3.46231 -0.5626 0.207829 29.2731 7.03062 968.558 39.9687
0.436_4.80 -220.593 2.89263 -0.419133 0.153429 26.3532 5.22246 434.966 39.6192
0.436_4.92 -221.886 2.24419 -0.388533 0.191212 21.7724 3.56411 364.979 31.1519
0.436_5.04 -222.929 2.49027 -0.411467 0.193494 37.9044 5.3296 636.297 37.3907
0.436_5.16 -223.259 0.760119 -0.466333 0.0333999 90.8551 8.52228 998.781 43.472
0.436_5.28 -222.404 3.57664 -0.574733 0.10374 56.685 8.46174 1207.45 44.9536
0.436_5.40 -226.039 8.69807 -0.530033 0.146071 43.856 6.57867 1301.29 61.5377
0.436_5.52 -221.773 2.83592 -0.535733 0.116047 29.8044 5.38727 803.953 78.7113
0.436_5.64 -222.616 1.46513 -0.6195 0.0618014 34.6511 4.77063 636.221 38.3709
0.436_5.76 -220.52 0.96033 -0.622267 0.0361072 162.561 12.9169 2320.57 57.4054
0.436_5.88 -224.263 1.45465 -0.415967 0.0544702 138.143 10.812 2133.4 64.4341
0.436_6.00 -221.122 4.11639 -0.4991 0.142497 47.3817 5.63189 663.395 36.5074
0.436_6.12 -220.244 6.37886 -0.5773 0.192378 27.6397 5.44961 544.432 37.0398
0.523_0 -225.254 3.43873 -0.3815 0.109949 39.0609 6.07948 680.12 54.4684
0.523_0.13 -220.103 3.47662 -0.555667 0.130916 65.8283 7.25327 1441.29 69.7694
0.523_0.26 -223.407 4.82 -0.335533 0.316517 30.587 5.63025 620.327 45.0557
0.523_0.39 -225.694 4.24055 -0.463267 0.189223 23.9339 4.22792 402.491 19.624
0.523_0.52 -227.92 5.53903 -0.443933 0.164554 30.4882 5.51238 487.948 24.6915
0.523_0.65 -234.969 10.3987 -0.387433 0.236523 20.9966 3.85432 258.313 20.7345
0.523_0.78 -240.929 7.21003 -0.612267 0.0776942 58.1731 8.82894 879.737 30.4871
0.523_0.91 -225.768 6.74819 -0.522367 0.144515 17.9474 3.90951 245.861 15.7884
0.523_1.04 -226.521 2.59501 -0.429633 0.0857387 42.4986 6.50554 571.854 19.7806
0.523_1.17 -228.263 5.49441 -0.4935 0.225125 16.8015 4.04285 273.241 27.6416
0.523_1.30 -226.546 4.99035 -0.303267 0.153762 17.7795 4.1705 484.569 55.2204
0.523_1.43 -223.44 6.1973 -0.3147 0.182722 22.2825 5.06607 390.752 30.8899
0.523_1.56 -224.764 7.69321 -0.502133 0.256034 15.9518 3.11341 120.404 7.55282
0.523_1.69 -227.554 6.16755 -0.3772 0.252118 20.2829 4.35082 368.093 21.5999
0.523_1.82 -227.35 1.98863 -0.3871 0.12003 61.225 11.7205 1770.31 70.2541
0.523_1.95 -228.887 1.51456 -0.454033 0.101498 99.6064 11.1235 2271.78 165.09
0.523_2.08 -229.998 2.31583 -0.3626 0.152329 39.2923 6.39056 675.059 36.9906
0.523_2.21 -229.042 5.49764 -0.494367 0.172921 42.6159 7.39186 790.998 38.0378
0.523_2.34 -227.57 4.8304 -0.570833 0.142168 53.863 8.93246 1430.92 54.8703
0.523_2.47 -223.593 0.777156 -0.6377 0.0351394 72.2416 8.38296 1500.61 54.3177
0.523_2.60 -225.49 1.05966 -0.6296 0.0644622 46.0144 6.95552 977.035 42.587
0.523_2.73 -226.427 4.14966 -0.398067 0.184311 32.6549 5.54359 442.65 27.005
0.523_2.86 -223.347 0.455381 -0.527767 0.0347641 123.476 12.0888 1918.05 44.3007
0.523_2.99 -224.82 0.333317 -0.478367 0.0260525 393.879 27.148 10506.1 101.016
0.523_3.12 -224.526 0.367329 -0.4782 0.0352254 335.452 23.86 7578.47 112.083
0.523_3.25 -224.509 0.605127 -0.493633 0.0928012 173.473 18.4786 3700.92 65.6201
0.523_3.38 -224.491 0.430052 -0.622967 0.0325033 227.838 23.1205 7325.53 109.924
0.523_3.51 -224.223 0.28837 -0.6037 0.0255417 456.577 28.6323 12194.8 165.843
0.523_3.64 -223.53 0.532729 -0.6834 0.0207261 280.554 25.4817 11231.4 176.141
0.523_3.77 -223.693 1.88651 -0.6089 0.0907703 83.2743 12.2197 2025.66 50.9727
0.523_3.90 -220.979 1.57554 -0.650367 0.0764848 41.748 5.58141 631.045 37.5571
0.523_4.03 -222.413 1.62585 -0.6101 0.0691534 124.771 11.0595 1844.66 55.4698
0.523_4.16 -219.115 1.68879 -0.671767 0.053383 114.543 10.7215 1607.03 51.5868
0.523_4.29 -225.498 3.95192 -0.446 0.128747 52.6631 6.50488 842.316 42.7767
0.523_4.42 -223.118 2.27754 -0.4319 0.0902562 44.3712 6.7466 863.702 54.2314
0.523_4.55 -222.479 6.87801 -0.3678 0.269668 14.9644 3.57214 302.441 24.873
0.523_4.68 -227.026 4.54733 -0.2951 0.19948 25.6346 5.05596 648.326 40.5684
0.523_4.81 -223.372 2.56962 -0.6155 0.0964888 31.2417 5.98867 652.649 42.4652
0.523_4.94 -223.094 2.06126 -0.5148 0.161386 20.2842 4.052 363.448 33.8796
0.523_5.07 -224.46 2.27278 -0.355833 0.124246 31.3256 4.46266 470.536 41.3075
0.523_5.20 -222.933 1.45584 -0.496367 0.0549017 35.6961 5.55782 393.677 37.57
0.523_5.33 -224.184 5.71334 -0.595467 0.111675 34.0035 8.17844 955.847 27.3307
0.523_5.46 -221.371 2.06975 -0.498567 0.146819 33.6212 5.95977 721.234 43.0301
0.523_5.59 -223.549 1.80807 -0.5645 0.0771065 19.6626 3.11144 245.028 20.8913
0.523_5.72 -222.956 3.73279 -0.4448 0.18489 34.1286 5.18727 582.771 27.6209
0.523_5.85 -219.756 2.58051 -0.6543 0.0866455 119.809 13.8301 2320.18 76.8699
0.523_5.98 -219.702 1.59074 -0.519933 0.0750169 60.5886 8.01544 1058.45 57.1023
0.523_6.11 -222.046 10.069 -0.585767 0.195003 19.3999 3.66042 317.709 34.6651
0.610_0 -226.89 3.83234 -0.338267 0.110992 27.0481 3.89161 416.584 24.6922
0.610_0.14 -221.36 3.27071 -0.612467 0.0867785 35.1209 5.29798 714.255 35.8471
0.610_0.28 -221.882 5.74819 -0.537433 0.216067 25.0473 6.62359 663.486 53.9564
0.610_0.42 -226.377 2.34383 -0.493433 0.075076 31.4305 4.29876 466.053 25.4
0.610_0.56 -223.271 3.99805 -0.537533 0.12321 19.4173 3.56232 213.928 12.2191
0.610_0.70 -239.077 6.96401 -0.374367 0.262419 29.0604 5.79823 539.403 24.8071
0.610_0.84 -226.403 3.24146 -0.521367 0.10377 37.9088 6.26115 425.526 23.251
0.610_0.98 -226.29 6.17507 -0.499233 0.192876 39.6345 5.94207 492.849 20.6124
0.610_1.12 -224.757 4.00834 -0.5184 0.160545 50.3129 6.11361 638.638 34.1733
0.610_1.26 -228.743 7.94502 -0.511967 0.185194 27.015 5.40698 567.16 49.8006
0.610_1.40 -225.339 0.429362 -0.502633 0.0464148 92.398 12.2194 1582.69 56.1132
0.610_1.54 -223.857 1.95698 -0.4923 0.135344 49.296 8.76906 777.267 36.8608
0.610_1.68 -229.838 8.3968 -0.370367 0.260426 45.207 6.9851 988.728 38.4535
0.610_1.82 -224.1 0.733053 -0.554267 0.138227 57.486 10.0608 966.63 39.1036
0.610_1.96 -226.653 3.39386 -0.453233 0.166979 51.8338 7.63256 977.953 34.0858
0.610_2.10 -227.609 0.873711 -0.431833 0.0534007 72.3976 9.26672 1235.99 50.8979
0.610_2.24 -226.424 1.15393 -0.540633 0.0671084 67.2544 11.6317 1643.79 55.5349
0.610_2.38 -224.733 2.04932 -0.380833 0.146936 49.0056 7.33822 1137.84 46.5171
0.610_2.52 -227.001 1.91565 -0.3511 0.21942 54.2861 7.84904 1169.26 46.9525
0.610_2.66 -227.553 3.86227 -0.487167 0.147929 42.2085 5.78732 1043.09 50.0209
0.610_2.80 -223.229 0.76334 -0.473167 0.10719 99.8375 10.9563 1827.31 50.4099
0.610_2.94 -224.49 0.440908 -0.529833 0.0339456 325.136 25.4861 8600.44 98.2916
0.610_3.08 -224.78 0.283255 -0.499433 0.0296065 387.361 25.9793 10216.8 121.714
0.610_3.22 -224.873 0.295451 -0.565233 0.054379 391.759 25.1079 8410.14 122.447
0.610_3.36 -225.115 0.372744 -0.5339 0.0319467 369.822 27.9563 13330 191.515
0.610_3.50 -223.971 0.240412 -0.5815 0.0275575 487.197 27.8721 12485.7 201.359
0.610_3.64 -228.374 2.32473 -0.315433 0.243546 118.933 12.9408 3989.86 81.9199
0.610_3.78 -227.225 3.95887 -0.492367 0.163433 29.9585 5.52938 882.112 43.6515
0.610_3.92 -222.395 1.14671 -0.5598 0.115867 39.3679 6.183 574.173 26.7963
0.610_4.06 -222.186 1.33022 -0.620767 0.0697061 187.666 15.3382 2894.27 60.9774
0.610_4.20 -225.335 1.31862 -0.417367 0.0599372 231.321 15.247 2964.61 57.4371
0.610_4.34 -224.269 1.42292 -0.475067 0.0833874 76.7798 7.73461 982.321 36.4393
0.610_4.48 -222.105 3.1074 -0.451233 0.125269 34.5998 6.84841 645.938 44.5813
0.610_4.62 -228.655 3.68196 -0.2325 0.139251 18.667 3.78458 313.855 34.4883
0.610_4.76 -228.828 2.21863 -0.1695 0.201756 24.1641 4.65649 410.572 34.3456
0.610_4.90 -223.417 1.11864 -0.597833 0.0894183 17.2925 2.74928 252.716 32.2081
0.610_5.04 -222.603 4.31659 -0.485233 0.130886 10.1149 2.66096 164.521 29.2979
0.610_5.18 -231.815 6.0537 -0.287333 0.239555 13.3409 2.27858 139.567 14.2346
0.610_5.32 -221.203 5.80586 -0.489933 0.211218 39.3549 9.5733 1133.99 32.5041
0.610_5.46 -221.584 4.30987 -0.5681 0.149439 27.7641 6.80941 607.882 29.5987
0.610_5.60 -227.233 6.74051 -0.475967 0.27638 16.0268 3.93431 278.606 23.8762
0.610_5.74 -226.816 9.47532 -0.5959 0.151436 32.4344 6.1738 602.52 33.1475
0.610_5.88 -221.376 1.6755 -0.576233 0.080351 96.7467 10.3511 2049.01 79.1534
0.610_6.02 -224.453 4.46644 -0.363133 0.174402 49.4694 8.22992 1458.25 65.5589
0.697_0 -229.256 6.28769 -0.365667 0.200294 33.0911 5.50059 603.91 44.3904
0.697_0.15 -222.523 1.68482 -0.6463 0.0554338 71.8103 8.0892 1480.68 62.8786
0.697_0.30 -228.76 4.30908 -0.327667 0.223744 47.7824 7.11193 1521.8 98.7396
0.697_0.45 -227.102 1.9595 -0.456167 0.0698019 51.5628 6.4001 1210.78 94.1915
0.697_0.60 -225.052 5.94881 -0.4204 0.16083 10.0792 2.69604 124.328 16.9548
0.697_0.75 -232.655 5.16741 -0.341233 0.206334 11.103 2.16778 144.707 15.7905
0.697_0.90 -229.553 5.93822 -0.439333 0.202151 15.9315 4.50256 172.291 18.0179
0.697_1.05 -227.993 5.25182 -0.393133 0.20619 27.5817 3.48394 353.871 30.2289
0.697_1.20 -224.66 1.52096 -0.487433 0.0665002 48.5606 5.94425 631.11 37.5778
0.697_1.35 -225.372 0.555363 -0.4711 0.0428523 96.9592 10.6546 1528.21 45.1206
0.697_1.50 -224.745 0.565088 -0.546533 0.0420085 90.3096 11.8381 1437.31 49.2996
0.697_1.65 -224.226 1.32184 -0.5948 0.0595222 56.5288 10.6297 1220.31 49.335
0.697_1.80 -224.531 6.22344 -0.523333 0.148842 45.9699 9.49928 955.558 35.9286
0.697_1.95 -226.578 3.4794 -0.4358 0.222218 37.0869 8.36768 1053.35 49.7008
0.697_2.10 -226.928 1.96079 -0.5237 0.151038 73.3815 10.8709 1838.73 63.8947
0.697_2.25 -225.308 1.28917 -0.499833 0.110702 85.6931 12.4146 2104.39 61.1852
0.697_2.40 -223.642 0.975585 -0.4545 0.0637763 98.0678 11.8932 1848.33 53.4291
0.697_2.55 -222.611 0.440477 -0.579467 0.0301935 139.246 13.997 2881.63 102.529
0.697_2.70 -224.419 0.336798 -0.439367 0.046694 217.564 14.6103 3247.79 90.5549
0.697_2.85 -223.777 0.449162 -0.5074 0.064697 187.428 16.4345 4403.49 93.5584
0.697_3.00 -223.686 0.342458 -0.520833 0.0330803 280.859 22.5748 7219.7 115.988
0.697_3.15 -224.575 0.275938 -0.5966 0.0461444 419.261 25.9256 9770.15 131.335
0.697_3.30 -225.079 0.453085 -0.5719 0.0405157 319.25 26.1778 9921.73 139.666
0.697_3.45 -223.348 0.260899 -0.508967 0.0393641 453.628 28.8073 11794.3 196.093
0.697_3.60 -223.219 0.932077 -0.616133 0.0452657 140.468 13.4203 2858.18 85.6728
0.697_3.75 -224.003 3.34351 -0.635333 0.1544 42.1582 6.99788 828.519 39.7309
0.697_3.90 -224.398 3.14831 -0.6073 0.154577 34.1543 6.50744 549.734 34.8794
0.697_4.05 -221.312 1.00934 -0.578167 0.105016 55.6289 10.6458 1223.87 48.1148
0.697_4.20 -224.956 0.871706 -0.392867 0.0337913 151.895 11.0346 1733.8 42.4199
0.697_4.35 -223.057 1.49714 -0.483367 0.0530603 48.2547 5.1748 375.355 20.9018
0.697_4.50 -223.971 1.48129 -0.447267 0.0702713 23.9268 3.43086 242.254 31.004
0.697_4.65 -224.735 2.32555 -0.522467 0.115666 35.4796 4.81145 480.962 37.2902
0.697_4.80 -228.463 6.63291 -0.4786 0.251965 16.1223 3.8738 282.395 21.2147
0.697_4.95 -223.53 2.42335 -0.456433 0.139972 20.0705 3.22194 201.422 28.0376
0.697_5.10 -221.402 3.98345 -0.3458 0.288201 12.1846 1.89503 144.337 14.7592
0.697_5.25 -219.882 8.38824 -0.593467 0.207308 14.4014 2.81453 201.579 16.2893
0.697_5.40 -221.112 3.72122 -0.490767 0.13074 34.1764 7.34341 1102.15 52.089
0.697_5.55 -221.406 1.3843 -0.535767 0.093057 49.4082 8.65596 1246.24 53.2323
0.697_5.70 -219.975 2.87421 -0.596233 0.161116 47.9267 8.06152 701.251 33.4497
0.697_5.85 -223.571 3.05689 -0.490867 0.183786 53.2824 8.34858 796.95 34.3433
0.785_0 -224.75 3.77372 -0.606133 0.126155 24.9512 4.56942 414.108 38.2883
0.785_0.17 -220.481 1.24368 -0.6789 0.0401405 159.591 10.4676 2641.5 84.3686
0.785_0.34 -228.163 1.69048 -0.317333 0.0663216 187.934 10.6629 4049.74 143.287
0.785_0.51 -225.222 1.69162 -0.4504 0.0844293 128.668 9.07377 2358.12 111.817
0.785_0.68 -226.249 4.21298 -0.492567 0.134476 29.0276 5.27964 455.707 25.2102
0.785_0.85 -228.291 1.43877 -0.616767 0.0627568 17.1481 2.554 243.243 28.3099
0.785_1.02 -224.225 6.24011 -0.5282 0.221224 18.2067 4.68134 384.781 34.0536
0.785_1.19 -226.966 3.866 -0.403567 0.161699 25.7204 4.75695 488.85 33.3397
0.785_1.36 -228.575 6.63198 -0.442467 0.177095 26.1778 5.77071 503.278 20.0041
0.785_1.53 -225.744 2.06368 -0.5609 0.0767571 37.9237 7.07771 469.319 24.1093
0.785_1.70 -223.907 2.68712 -0.458967 0.175851 58.4373 9.67867 1365.26 41.783
0.785_1.87 -224.27 2.43564 -0.545533 0.16484 52.9838 8.76242 1182.74 48.2656
0.785_2.04 -224.567 1.8202 -0.541467 0.091348 102.902 15.3016 2843.12 74.0507
0.785_2.21 -225.938 1.28623 -0.524533 0.100639 165.351 15.5684 3190.7 90.9245
0.785_2.38 -224.598 0.866604 -0.4802 0.0749891 124.187 14.2803 2474.92 65.067
0.785_2.55 -222.407 0.518844 -0.5572 0.0298925 255.239 19.0257 4970.64 106.864
0.785_2.72 -224.515 0.384809 -0.471267 0.0207989 332.957 22.1643 5798.31 106.972
0.785_2.89 -223.189 0.524073 -0.566267 0.038802 230.89 20.0549 5854.53 103.265
0.785_3.06 -223.161 0.479632 -0.6056 0.0544932 453.708 27.3703 10271.5 135.148
0.785_3.23 -223.689 0.251672 -0.590933 0.0259357 458.912 26.8747 9969.22 123.178
0.785_3.40 -222.841 0.357668 -0.584233 0.0219669 303.642 22.8712 6773.04 113.291
0.785_3.57 -224.879 1.1094 -0.568133 0.0609463 85.1519 11.1137 1530.38 56.6374
0.785_3.74 -225.101 3.01272 -0.451033 0.12984 53.2355 8.24772 830.541 40.0878
0.785_3.91 -221.906 2.68171 -0.508167 0.250186 43.6688 7.50457 939.709 46.4254
0.785_4.08 -221.004 1.11681 -0.568033 0.04927 46.6369 7.84689 925.459 46.4146
0.785_4.25 -224.198 5.74037 -0.490933 0.169751 51.1047 6.91002 741.085 36.1892
0.785_4.42 -228.065 5.35764 -0.353767 0.160323 21.9353 4.6825 319.468 29.0235
0.785_4.59 -222.888 4.10453 -0.5628 0.150528 36.9702 6.0065 669.545 37.018
0.785_4.76 -221.805 0.620483 -0.668 0.0213931 62.4847 7.74271 1129.05 47.6461
0.785_4.93 -223.766 1.88482 -0.4956 0.0945278 39.2628 6.33217 676.592 46.1301
0.785_5.10 -219.508 3.55402 -0.4053 0.207982 13.8845 2.84132 232.48 20.2892
0.785_5.27 -222.06 1.78402 -0.460467 0.0929501 34.2865 5.68877 586.462 25.8338
0.785_5.44 -219.124 1.69844 -0.555867 0.0876298 129.53 12.7469 3992.24 70.4002
0.785_5.61 -220.632 0.533438 -0.680033 0.0227464 185.207 13.419 4234.52 78.591
0.785_5.78 -221.299 1.17626 -0.618367 0.0735803 65.3813 9.09861 1046.06 45.3695
0.785_5.95 -224.157 4.33649 -0.512067 0.195172 26.7089 4.66417 516.551 25.1321
0.872_0 -226.796 5.45884 -0.4148 0.254059 26.751 5.63165 479.799 53.57
0.872_0.19 -222.247 2.06765 -0.584033 0.0677234 146.942 9.96472 2185.96 65.1785
0.872_0.38 -221.487 1.09278 -0.543667 0.041628 257.613 13.5506 3960.17 122.912
0.872_0.57 -223.493 2.20368 -0.483433 0.0929825 183.792 12.1555 2984.25 91.3742
0.872_0.76 -219.278 2.99885 -0.636133 0.118252 69.2701 7.72792 1196.92 39.8551
0.872_0.95 -223.643 1.76488 -0.434867 0.105153 56.403 6.72267 686.852 36.2808
0.872_1.14 -228.848 6.33744 -0.240833 0.178817 35.7158 5.48133 774.392 43.9519
0.872_1.33 -226.831 3.56789 -0.403567 0.155948 26.0604 4.83207 443.989 30.8421
0.872_1.52 -225.392 1.39296 -0.544667 0.0996455 37.4506 5.75588 530.867 20.4569
0.872_1.71 -223.324 2.16033 -0.448067 0.152735 78.2544 10.6849 1145.22 37.5633
0.872_1.90 -224.746 4.93361 -0.4634 0.186335 32.0517 5.52351 655.963 36.5495
0.872_2.09 -224.869 2.27363 -0.5383 0.13363 92.5597 11.7023 2210.49 67.4521
0.872_2.28 -228.335 1.00695 -0.4221 0.069083 282.702 18.7456 5348.51 101.4
0.872_2.47 -225.405 0.716797 -0.4106 0.0836372 285.774 20.3636 8110.12 126.944
0.872_2.66 -222.315 0.61499 -0.558833 0.0562285 264.679 24.6344 8148.01 135.237
0.872_2.85 -222.679 0.822043 -0.544633 0.0386497 303.71 20.6462 6445.52 119.355
0.872_3.04 -222.929 0.421443 -0.559733 0.0267905 618.261 27.07 10940.5 153.772
0.872_3.23 -223.372 0.329891 -0.571733 0.0249826 502.747 25.55 10429.1 155.964
0.872_3.42 -223.656 0.907577 -0.511567 0.0461593 277.232 20.1458 5350.84 119.718
0.872_3.61 -224.717 1.49554 -0.500633 0.084681 123.277 14.2227 2253.47 71.9184
0.872_3.80 -223.439 2.21268 -0.521767 0.144607 75.9857 10.4725 1610.52 57.471
0.872_3.99 -223.593 2.59629 -0.418833 0.121796 46.1183 8.05871 928.395 37.0705
0.872_4.18 -221.401 2.13098 -0.5768 0.0632062 41.69 7.73697 750.552 50.5844
0.872_4.37 -223.194 5.7092 -0.514667 0.174842 21.216 4.79921 442.396 30.3807
0.872_4.56 -220.349 2.37008 -0.6151 0.0852693 36.3144 6.72371 735.492 37.4126
0.872_4.75 -224.203 1.50105 -0.522733 0.0602522 63.5701 7.72226 1015.91 42.2277
0.872_4.94 -230.164 6.6177 -0.421533 0.2005 25.3492 4.11344 590.441 26.5321
0.872_5.13 -225.65 4.77541 -0.421733 0.230029 16.65 3.80893 313.138 24.1279
0.872_5.32 -227.687 2.76442 -0.2762 0.16553 36.2324 6.41609 894.831 54.3796
0.872_5.51 -219.721 0.551996 -0.647767 0.033574 244.097 14.366 5264.37 88.8462
0.872_5.70 -220.624 0.54242 -0.670867 0.0248994 175.465 11.8735 3769.32 92.735
0.872_5.89 -223.179 1.96131 -0.533567 0.160963 35.6915 5.85094 587.663 34.2302
0.959_0 -222.39 1.10845 -0.353533 0.117764 63.5005 7.49898 1373.45 111.554
0.959_0.22 -224.577 2.76737 -0.421733 0.0827252 50.3926 6.76927 808.255 37.1732
0.959_0.44 -220.285 3.91714 -0.5549 0.138026 241.197 15.3017 3109.79 71.0237
0.959_0.66 -225.877 2.74914 -0.302667 0.104562 242.164 16.4654 3487.46 69.4225
0.959_0.88 -222.463 2.70755 -0.4848 0.11676 177.638 14.9192 2400.77 45.7178
0.959_1.10 -222.933 1.89982 -0.6038 0.0880123 108.264 10.8637 2109.08 56.3924
0.959_1.32 -224.568 4.73299 -0.404833 0.167492 37.5979 7.28302 811.931 51.0787
0.959_1.54 -224.452 2.12243 -0.4761 0.120964 43.2478 6.50145 666.669 45.4241
0.959_1.76 -221.461 1.21745 -0.5465 0.0892268 48.997 7.56198 452.091 35.6405
0.959_1.98 -227.568 1.76025 -0.467633 0.110838 27.2501 4.3181 365.469 21.0425
0.959_2.20 -226.507 0.737523 -0.525467 0.0689786 222.497 16.9098 5483.26 188.318
0.959_2.42 -226.232 0.452582 -0.524833 0.0486789 594.084 34.7079 18376.3 313.717
0.959_2.64 -223.945 1.05521 -0.544867 0.0915408 274.11 24.6755 8394.01 150.786
0.959_2.86 -221.596 0.710873 -0.600133 0.0373441 375.964 22.3136 6851.51 126.033
0.959_3.08 -221.414 0.247381 -0.602167 0.0199743 602.728 27.9898 11163.1 158.647
0.959_3.30 -222.74 0.36881 -0.565067 0.0221689 297.799 22.5692 6893.12 120.017
0.959_3.52 -222.638 0.453099 -0.547433 0.0230133 216.552 14.4675 3745.34 108.759
0.959_3.74 -224.555 1.11625 -0.5359 0.0761029 108.582 12.7614 2449.65 77.2035
0.959_3.96 -222.929 1.66077 -0.525133 0.0945 52.4243 7.44192 912.341 40.5049
0.959_4.18 -220.566 3.54156 -0.598033 0.155866 30.5688 4.71724 595.668 40.4568
0.959_4.40 -220.623 1.09907 -0.505267 0.0574438 53.4708 7.68178 999.551 50.9609
0.959_4.62 -221.808 2.89363 -0.4293 0.123944 31.4134 4.3989 505.66 32.8345
0.959_4.84 -223.556 1.20296 -0.552133 0.0519235 56.8611 7.27807 855.906 65.422
0.959_5.06 -220.398 1.85461 -0.6447 0.0641767 50.3751 6.5597 667.792 47.9476
0.959_5.28 -222.912 2.17525 -0.564967 0.185846 42.5353 8.83955 1215.47 62.839
0.959_5.50 -221.183 0.405161 -0.5862 0.0275008 118.49 11.0788 2299.41 85.0613
0.959_5.72 -220.71 0.500606 -0.5775 0.0345169 104.648 9.75339 2025.56 60.6272
0.959_5.94 -221.638 1.95584 -0.385767 0.166858 42.8443 6.72196 789.277 50.1016
0_0 -222.001 1.88669 -0.471667 0.0779544 108.952 10.628 2092.19 95.2586
0_0.08 -221.645 3.17689 -0.4565 0.133229 66.789 8.90551 1289.98 62.5148
0_0.16 -219.791 2.19874 -0.507467 0.0670088 33.0748 4.93991 397.921 32.0044
0_0.24 -227.773 4.52327 -0.253233 0.152482 13.6026 2.39595 187.033 19.9677
0_0.32 -225.946 3.02381 -0.357867 0.155455 30.2266 4.93322 535.241 42.0052
0_0.40 -222.55 1.95721 -0.469333 0.129612 31.1346 4.3075 525.308 40.6032
0_0.48 -223.419 3.99292 -0.477533 0.184094 15.8675 3.18285 217.206 16.8641
0_0.56 -220.726 0.46217 -0.489033 0.0340166 31.8202 3.27981 476.469 39.503
0_0.64 -220.333 0.393771 -0.457467 0.0223648 34.469 3.19895 510.576 43.4974
0_0.72 -220.588 2.96344 -0.206467 0.197304 19.4078 3.49455 343.7 33.0365
0_0.80 -219.53 1.16453 -0.579633 0.120396 39.5895 7.25879 969.137 50.7668
0_0.88 -221.675 0.757041 -0.647033 0.0470808 91.7738 10.6009 1898.13 91.617
0_0.96 -222.933 0.925959 -0.645367 0.062737 72.426 8.69963 1302.64 80.284
0_1.04 -223.847 1.50576 -0.623833 0.0863692 37.5822 5.19169 536.373 42.606
0_1.12 -223.167 2.04638 -0.526 0.0976337 42.6132 5.46091 593 48.7491
0_1.20 -221.569 1.21106 -0.467867 0.0520338 55.352 7.16519 714.953 25.6231
0_1.28 -222.161 1.82587 -0.525267 0.0739851 64.461 9.10877 1236.08 34.9963
0_1.36 -223.636 1.7987 -0.4844 0.0948601 57.1174 8.37966 1297.31 48.3786
0_1.44 -221.369 1.88106 -0.504733 0.0882387 65.9148 9.76761 1339.63 69.1223
0_1.52 -221.253 1.98265 -0.573767 0.102875 54.5932 8.69619 1055.2 64.0148
0_1.60 -234.026 10.3305 -0.2451 0.264195 21.8232 3.88471 387.143 27.0235
0_1.68 -224.686 2.76602 -0.613967 0.158161 19.1212 3.09288 277.379 16.9613
0_1.76 -226.015 4.31992 -0.588933 0.167192 18.541 3.94235 382.415 20.5513
0_1.84 -229.486 5.73739 -0.484933 0.23738 13.7949 3.04009 172.203 15.0979
0_1.92 -227.785 3.05356 -0.467567 0.112685 17.3797 3.82339 267.007 18.1599
0_2.00 -227.191 2.31642 -0.417333 0.0959022 20.3957 4.74209 417.935 41.8307
0_2.08 -226.105 3.09527 -0.397467 0.172272 22.9001 4.17579 549.377 68.2151
0_2.16 -220.525 2.08695 -0.6339 0.05894 28.3923 4.6172 574.168 69.0888
0_2.24 -219.733 4.19964 -0.509867 0.208972 11.044 2.89574 218.749 28.7508
0_2.32 -219.084 5.95108 -0.276433 0.230972 14.5558 4.39987 447.123 44.3111
0_2.40 -222.621 3.98146 -0.0945667 0.224187 23.6726 4.25455 835.629 65.0153
0_2.48 -221.425 5.12296 -0.638 0.160201 29.7065 5.29948 805.631 70.3821
0_2.56 -221.589 3.45379 -0.245733 0.284918 24.2005 4.00999 625.805 57.8413
0_2.64 -224.315 6.10779 -0.358167 0.223953 13.7265 3.04363 296.954 29.4767
0_2.72 -222.746 6.48266 -0.5872 0.196925 54.6185 5.98481 604.394 33.1839
0_2.80 -228.874 10.3378 -0.437467 0.310306 52.589 8.26261 852.34 43.5557
0_2.88 -222.235 2.85049 -0.602867 0.0977233 40.1818 7.11999 878.411 44.7603
0_2.96 -222.947 3.3779 -0.6253 0.0505356 31.1141 4.53872 549.374 36.5014
0_3.04 -223.462 1.9963 -0.502733 0.0917224 43.1219 5.27934 622.005 43.6481
0_3.12 -223.647 1.00372 -0.506567 0.0469824 74.8777 9.07367 1217.66 52.4706
0_3.20 -224.433 0.778538 -0.483 0.0427551 93.5145 10.3668 1792.28 63.0038
0_3.28 -226.434 1.64909 -0.3862 0.104024 87.5499 11.4037 1968.83 48.1411
0_3.36 -224.749 1.44999 -0.472467 0.081563 126.946 12.524 2682.53 80.5232
0_3.44 -223.558 1.10491 -0.595167 0.0669749 158.997 13.065 3309.59 113.403
0_3.52 -223.363 0.607739 -0.572567 0.0576936 202.305 16.4276 4239.52 121.893
0_3.60 -223.641 0.7285 -0.513167 0.0451402 172.593 15.9522 3619.99 100.579
0_3.68 -223.057 0.460677 -0.5588 0.0302406 131.936 14.0374 2762.87 79.8479
0_3.76 -222.609 0.665017 -0.556267 0.0462702 139.597 15.9145 3183.84 70.2517
0_3.84 -222.564 0.454755 -0.613267 0.0539215 261.11 18.6309 5364.85 101.845
0_3.92 -222.163 0.240523 -0.578033 0.0347208 479.385 26.7756 11060.5 118.235
0_4.00 -222.667 0.291072 -0.551 0.0557016 480.849 28.6719 11452.3 134.514
0_4.08 -223.409 0.351254 -0.5774 0.0503955 259.636 17.2907 4618.48 103.433
0_4.16 -221.588 0.78434 -0.6262 0.042422 98.0331 14.1839 3047.59 80.5839
0_4.24 -222.129 0.942066 -0.639833 0.0438365 55.8555 8.09814 1341.47 65.7065
0_4.32 -222.564 1.69755 -0.603767 0.0724524 34.1259 4.85109 568 35.0937
0_4.40 -222.334 1.5789 -0.452833 0.116354 31.943 5.42033 643.601 43.2324
0_4.48 -225.584 0.966853 -0.395 0.112315 44.06 5.96653 733.419 28.6898
0_4.56 -225.465 1.41078 -0.476 0.120099 46.7655 6.82637 730.978 27.2789
0_4.64 -223.312 1.34056 -0.431667 0.112117 50.0386 8.30833 630.999 30.2841
0_4.72 -224.795 2.52287 -0.4248 0.105218 42.293 5.96441 720.86 35.7306
0_4.80 -225.153 3.81927 -0.4524 0.154288 56.0983 7.41517 1334.29 65.0725
0_4.88 -223.012 1.50573 -0.5602 0.0874911 97.7747 10.3042 2074.59 78.8232
0_4.96 -224.276 2.7302 -0.587633 0.122239 40.8048 6.81145 713.217 39.481
0_5.04 -213.882 1.0363 -0.428667 0.115296 56.3452 7.94766 545.967 17.9018
0_5.12 -213.976 3.07086 -0.112633 0.235972 52.9932 8.73478 836.859 28.8253
0_5.20 -230.532 1.07856 -0.534533 0.0828906 40.7533 6.69368 629.235 40.8298
0_5.28 -228.87 3.75967 -0.494633 0.141576 33.5558 5.36671 650.804 42.2545
0_5.36 -225.467 0.822552 -0.542 0.0417093 52.6148 8.1534 1050.69 62.4789
0_5.44 -223.595 0.610785 -0.561933 0.0225639 137.678 12.1184 2160.76 76.4049
0_5.52 -223.977 1.15195 -0.512533 0.0443882 230.499 14.395 3936.81 89.0484
0_5.60 -225.543 0.735518 -0.480667 0.0323402 273.023 17.1847 5033.17 98.4421
0_5.68 -225.097 2.32134 -0.548833 0.0858582 151.397 15.8673 3295.19 70.0888
1.046_0 -221.071 2.42664 -0.412433 0.221503 69.5206 10.5446 1967.89 123.39
1.046_0.26 -222.277 4.28846 -0.2851 0.205104 34.3746 6.7111 717.499 39.7436
1.046_0.52 -218.742 1.68902 -0.571167 0.0596906 167.466 14.2318 2337.66 47.1961
1.046_0.78 -226.563 4.2036 -0.319033 0.151975 206.979 16.6186 2762.85 53.1735
1.046_1.04 -224.771 3.58029 -0.410533 0.147247 189.21 16.3414 3533.72 78.6873
1.046_1.30 -220.07 0.966075 -0.663533 0.0520216 181.819 13.7903 3353.27 111.437
1.046_1.56 -222.148 1.43591 -0.557333 0.0798784 63.3155 7.03722 1200.66 76.0439
1.046_1.82 -225.801 4.93584 -0.502667 0.194814 38.7978 6.96817 750.354 43.31
1.046_2.08 -225.553 1.2021 -0.454267 0.096816 83.372 9.18338 1531.32 78.1733
1.046_2.34 -225.374 0.302187 -0.490233 0.0283857 539.934 34.4325 14446.2 302.403
1.046_2.60 -226.599 0.728545 -0.461267 0.0553588 233.452 23.2459 5835.78 135.561
1.046_2.86 -223.705 0.872855 -0.472133 0.0533359 284.519 25.5766 6931.81 107.986
1.046_3.12 -221.161 0.445623 -0.564567 0.0526144 278.04 19.3383 6530.55 106.129
1.046_3.38 -222.998 1.40699 -0.503567 0.0588139 77.3 11.9384 1630.6 57.8284
1.046_3.64 -224.774 1.66582 -0.405433 0.0839088 107.907 13.8935 2535.11 79.2498
1.046_3.90 -223.488 0.976451 -0.414767 0.0604054 70.993 10.0714 1249.26 56.5646
1.046_4.16 -223.358 1.71968 -0.394167 0.175508 54.1099 8.81121 1295.57 73.2671
1.046_4.42 -224.865 1.43613 -0.403433 0.105703 66.7043 8.25029 1562.47 70.3859
1.046_4.68 -223.995 1.11652 -0.323733 0.0692618 45.4861 6.92606 862.952 61.8075
1.046_4.94 -221.848 2.96162 -0.5666 0.103955 50.6983 6.75923 749.222 65.9655
1.046_5.20 -222.134 1.81127 -0.5791 0.0802126 53.2993 7.41549 838.384 48.8414
1.046_5.46 -220.795 0.642657 -0.607267 0.0507943 105.754 12.8625 2286.85 97.2516
1.046_5.72 -221.288 0.830681 -0.576967 0.0502135 63.9789 8.88525 1240.25 64.253
1.046_5.98 -219.487 0.89263 -0.4096 0.0858489 51.9309 6.82356 823.654 54.1528
1.133_0 -222.012 3.23951 -0.273133 0.224433 52.0226 10.6116 1709.19 83.7203
1.133_0.31 -223.245 1.60348 -0.4342 0.10859 65.6122 9.02112 1121.12 40.5416
1.133_0.62 -223.778 4.41411 -0.442433 0.15994 100.75 10.5445 1509.61 40.9086
1.133_0.93 -220.55 1.23695 -0.5114 0.0454955 122.992 11.7134 1801.81 59.644
1.133_1.24 -220.251 0.626209 -0.5863 0.0389475 331.985 19.6955 6244.83 147.35
1.133_1.55 -222.259 1.34583 -0.456133 0.0904193 264.952 15.7281 4108.37 99.1148
1.133_1.86 -223.521 0.930108 -0.479667 0.0453088 113.647 11.173 1835.19 53.8944
1.133_2.17 -224.101 0.849866 -0.477167 0.0536188 157.944 15.4735 2755.75 73.8815
1.133_2.48 -225.907 0.537205 -0.438933 0.041082 218.655 18.9585 3672.9 91.4592
1.133_2.79 -224.933 0.360922 -0.498267 0.0425033 219.657 19.9073 4671.69 73.7914
1.133_3.10 -222.897 0.701086 -0.6101 0.0530866 133.621 16.3633 4032.18 98.1591
1.133_3.41 -222.183 0.468231 -0.5175 0.0350155 134.182 16.4421 3096.04 94.9103
1.133_3.72 -224.267 2.14887 -0.450967 0.146993 83.5176 11.9991 2463.48 86.7418
1.133_4.03 -223.659 1.00211 -0.309767 0.0807887 38.0381 5.69884 439.579 35.7099
1.133_4.34 -223.985 1.07706 -0.428167 0.0617924 97.1374 10.6706 1920.1 77.3182
1.133_4.65 -221.326 1.09545 -0.558867 0.0669785 89.2973 9.65304 1772.43 77.4339
1.133_4.96 -228.5 7.66676 -0.359767 0.232838 21.1058 4.39034 436.965 29.1535
1.133_5.27 -222.406 1.44316 -0.595267 0.0834334 49.2144 9.62156 1360.55 74.6552
1.133_5.58 -218.914 0.623429 -0.648767 0.0458259 77.5562 10.7369 1346.98 65.5525
1.133_5.89 -230.916 9.38283 -0.4012 0.22639 32.5928 6.08561 1061.58 60.2038
1.221_0 -220.181 0.547862 -0.376667 0.061394 70.4179 10.3509 1774.06 92.5455
1.221_0.39 -221.169 0.861316 -0.510533 0.102306 86.1137 10.9342 1667.54 65.8912
1.221_0.78 -220.944 1.08456 -0.500033 0.107951 71.2388 12.2721 1581.92 57.4807
1.221_1.17 -220.173 0.795419 -0.605833 0.0587507 235.307 20.8999 4853.49 104.474
1.221_1.56 -222.693 0.751127 -0.430433 0.0541234 317.559 15.2763 3826.71 62.3965
1.221_1.95 -223.783 2.1241 -0.5595 0.120242 92.7874 10.7498 1428.32 37.1546
1.221_2.34 -225.055 2.83871 -0.414933 0.159172 61.2088 9.34585 1255.77 45.7398
1.221_2.73 -222.893 0.450598 -0.584933 0.0326986 220.784 17.0095 4229.99 137.651
1.221_3.12 -223.197 2.18708 -0.543567 0.0721231 82.9155 11.4246 2385.11 96.1143
1.221_3.51 -223.955 1.70921 -0.572167 0.0807278 67.4999 10.679 1657.52 80.3209
1.221_3.90 -225.067 7.73755 -0.297533 0.185532 21.9997 4.97961 542.847 49.0057
1.221_4.29 -223.722 0.666106 -0.4285 0.0466985 79.0746 9.49592 1173.72 51.9974
1.221_4.68 -223.962 0.984327 -0.488933 0.0564954 77.9161 10.5669 1948.92 74.1714
1.221_5.07 -221.651 2.64132 -0.424133 0.155765 39.4645 7.17406 1013.63 59.1613
1.221_5.46 -219.517 0.408362 -0.519633 0.051683 117.794 11.5122 1824.53 67.8609
1.221_5.85 -219.188 0.658373 -0.570333 0.0470272 99.8961 9.66051 1426.13 81.6426
1.308_0 -218.249 2.03138 -0.5333 0.103168 62.4546 9.27677 1765.7 74.3304
1.308_0.52 -220.657 1.47397 -0.6106 0.0774672 93.5967 10.5117 1819.6 58.5223
1.308_1.04 -220.982 2.98912 -0.4536 0.145382 85.9507 13.6328 2316.2 67.2096
1.308_1.56 -222.433 2.8304 -0.5239 0.189376 133.261 13.6841 2261.35 52.7425
1.308_2.08 -224.928 2.80677 -0.567 0.14515 61.843 9.89021 1173.35 32.4708
1.308_2.60 -224.069 1.16314 -0.639467 0.0923633 112.757 10.7305 1844.79 95.1246
1.308_3.12 -223.259 2.3579 -0.5262 0.164397 104.83 9.0709 2365.42 81.0857
1.308_3.64 -225.079 5.37734 -0.4676 0.206056 30.3684 5.73107 629.107 34.0323
1.308_4.16 -223.081 0.700605 -0.481667 0.0917872 68.2026 9.00524 1009.58 39.3328
1.308_4.68 -224.18 0.46734 -0.433633 0.0267967 92.7026 9.08003 1392.98 52.0467
1.308_5.20 -220.428 0.81623 -0.511533 0.0537685 96.4301 10.9396 1481.8 63.9601
1.308_5.72 -218.751 0.584453 -0.5199 0.0548494 121.789 12.8275 2025.01 79.0924
1.395_0 -220.826 0.86898 -0.617867 0.047814 125.689 14.8466 3773.17 79.2464
1.395_0.78 -221.216 1.31467 -0.6678 0.038067 94.9378 12.6482 2286.93 69.4085
1.395_1.56 -220.434 0.753145 -0.6524 0.0465407 193.564 17.9335 5112.52 180.36
1.395_2.34 -220.593 1.36491 -0.5182 0.0699154 92.664 13.2255 2617.15 120.952
1.395_3.12 -219.418 1.06913 -0.577767 0.0489613 71.1224 9.13496 1193.76 36.3421
1.395_3.90 -219.548 0.945074 -0.5226 0.166614 56.7969 8.96432 1033.96 34.8212
1.395_4.68 -221.722 0.946871 -0.5895 0.0865144 93.3446 10.3762 1307.88 57.7159
1.395_5.46 -221.103 0.330387 -0.596667 0.0296179 130.173 13.8119 2431.87 69.2195
1.482_0 -222.076 0.788122 -0.627967 0.0361635 148.85 17.613 4174.5 87.2293
1.482_1.57 -222.658 0.536547 -0.687633 0.0106301 198.458 17.511 5767.65 178.296
1.482_3.14 -219.56 2.68738 -0.614433 0.0719575 63.6351 8.9455 1144.28 44.1512
1.482_4.71 -220.89 0.745699 -0.668433 0.0345892 75.0001 10.9171 1500.38 56.2521
1.571_0 -224.647 0.545484 -0.631767 0.0361166 129.183 12.8884 2383.16 89.2108
n0.087_0 -222.71 1.38374 -0.4821 0.0551947 122.303 12.3217 2817.73 97.139
n0.087_0.09 -222.943 4.34545 -0.562333 0.114054 80.6601 8.50303 1869.63 72.2429
n0.087_0.18 -224.853 9.40152 -0.505333 0.211179 17.4279 3.51971 275.624 29.4413
n0.087_0.27 -229.605 3.6525 -0.2219 0.150969 21.1385 3.96839 248.719 23.1275
n0.087_0.36 -220.108 3.45175 -0.562333 0.202967 30.6017 5.43902 520.766 38.376
n0.087_0.45 -219.796 1.96066 -0.656967 0.0920619 29.7789 5.55756 535.468 30.5955
n0.087_0.54 -222.015 0.782781 -0.665133 0.0374377 36.8137 5.40125 639.17 34.5456
n0.087_0.63 -220.118 0.811107 -0.513233 0.0719677 38.6135 3.9051 762.588 42.2011
n0.087_0.72 -218.884 1.60916 -0.435533 0.249056 44.6655 8.11431 1513.94 85.9586
n0.087_0.81 -219.808 4.78821 -0.546667 0.163904 34.8733 6.68743 1068.99 59.8342
n0.087_0.90 -220.453 0.951846 -0.6495 0.0771411 48.0019 5.63832 984.917 67.4757
n0.087_0.99 -224.117 1.42769 -0.443633 0.0735033 38.0217 4.97362 732.005 71.5971
n0.087_1.08 -225.556 1.08034 -0.387433 0.0484384 47.1445 4.90695 708.638 77.0441
n0.087_1.17 -223.687 3.9939 -0.4145 0.158775 65.9055 6.56981 912.107 51.3008
n0.087_1.26 -220.093 1.63123 -0.536233 0.0663949 64.3986 8.07431 1069.41 34.3945
n0.087_1.35 -222.703 1.52152 -0.569733 0.119512 56.2477 7.64501 1150.43 38.1362
n0.087_1.44 -223.557 0.84492 -0.4143 0.0590884 58.441 7.83972 988.245 39.4204
n0.087_1.53 -221.121 2.43961 -0.534533 0.0779584 50.0908 8.67281 794.255 35.1822
n0.087_1.62 -223.889 6.14529 -0.522367 0.187685 33.7748 4.37775 512.015 29.4814
n0.087_1.71 -229.412 3.67905 -0.452667 0.170135 26.948 4.77671 609.703 44.1257
n0.087_1.80 -228.475 1.21462 -0.522333 0.135792 23.7796 5.09375 408.044 34.1345
n0.087_1.89 -226.96 3.7063 -0.3868 0.148339 19.7188 4.11429 284.678 17.1764
n0.087_1.98 -227.791 4.53345 -0.430867 0.162647 19.2731 4.23436 318.484 25.259
n0.087_2.07 -237.442 9.20813 -0.156767 0.22008 7.25125 2.18631 154.379 14.8198
n0.087_2.16 -221.825 1.28702 -0.4782 0.15744 47.7491 7.25643 1119.71 64.743
n0.087_2.25 -223.207 1.22776 -0.642 0.135535 47.4944 6.52147 1034.69 76.8072
n0.087_2.34 -224.359 1.46873 -0.422633 0.109683 34.8257 6.87483 905.394 84.1767
n0.087_2.43 -224.275 4.04563 -0.559267 0.142025 20.1702 4.89518 413.373 31.2217
n0.087_2.52 -225.868 4.34159 -0.503667 0.175976 14.5284 3.22634 206.981 15.3734
n0.087_2.61 -229.979 5.63264 -0.233933 0.213459 11.6195 3.04534 206.378 20.7555
n0.087_2.70 -223.655 3.13956 -0.581767 0.198427 41.2408 5.91463 557.371 43.6691
n0.087_2.79 -220.969 0.603047 -0.6792 0.02162 85.1598 9.02031 1334.68 78.7788
n0.087_2.88 -223.149 0.579953 -0.622033 0.0346593 80.6181 9.25328 1470.59 75.9605
n0.087_2.97 -224.178 0.860444 -0.6066 0.0442791 86.024 8.93498 1925.4 109.539
n0.087_3.06 -226.807 2.27441 -0.412733 0.158998 75.2091 9.38936 1882.05 108.855
n0.087_3.15 -225.45 1.47071 -0.4927 0.0955446 92.2044 7.57561 1625.49 76.8975
n0.087_3.24 -222.991 2.38943 -0.586367 0.0850463 64.0116 7.59573 1155.3 70.4016
n0.087_3.33 -223.879 2.23348 -0.4832 0.13914 74.1202 9.46505 1596.69 61.0787
n0.087_3.42 -224.63 0.447288 -0.393833 0.0404348 281.002 17.713 8191.35 220.066
n0.087_3.51 -224.694 0.455218 -0.570567 0.08429 638.079 27.2829 19137.6 308.038
n0.087_3.60 -223.762 0.264758 -0.548867 0.0206102 541.915 30.4104 14473.3 240.147
n0.087_3.69 -223.079 0.353958 -0.526067 0.0192958 277.652 20.8132 5621.83 132.539
n0.087_3.78 -221.858 0.515677 -0.560667 0.0283882 186.264 16.1633 3050.16 103.46
n0.087_3.87 -222.536 0.530755 -0.602533 0.0330704 166.711 15.592 3638.43 104.02
n0.087_3.96 -221.967 0.312285 -0.6148 0.0340719 316.978 22.6888 7783.85 99.8336
n0.087_4.05 -222.727 0.29153 -0.621367 0.0241564 301.753 23.7302 6512.99 100.347
n0.087_4.14 -220.958 1.80799 -0.6677 0.0354886 90.5697 14.7614 4096.95 86.8533
n0.087_4.23 -220.817 1.30081 -0.6673 0.0281421 71.982 11.6245 2558.16 62.2604
n0.087_4.32 -222.562 2.81369 -0.501333 0.125467 40.4185 7.38974 1083.56 55.2054
n0.087_4.41 -226.996 7.45528 -0.308067 0.248446 30.0106 6.4411 1780.04 61.3828
n0.087_4.50 -228.236 8.11079 -0.3907 0.200993 43.2189 7.47596 2330.68 62.2945
n0.087_4.59 -220.911 3.01344 -0.598367 0.109322 67.6854 9.84836 2377.38 72.7138
n0.087_4.68 -219.301 3.09827 -0.1774 0.229463 59.047 10.5923 1767.8 85.1936
n0.087_4.77 -222.122 6.35682 -0.201767 0.257873 55.7566 8.43497 1829.76 85.1085
n0.087_4.86 -222.246 1.4803 -0.542933 0.14954 149.274 18.2425 5696.5 122.86
n0.087_4.95 -224.427 1.04928 -0.562267 0.150678 145.998 18.6097 4741.23 124.123
n0.087_5.04 -232.239 5.76129 -0.4546 0.182976 46.7375 8.29882 1425.38 60.5778
n0.087_5.13 -225.28 8.81409 -0.2402 0.219328 74.6194 9.73622 2434.08 55.1801
n0.087_5.22 -227.138 0.639555 -0.536033 0.042265 138.494 13.5077 3553.98 111.741
n0.087_5.31 -226.498 0.357886 -0.517633 0.0201577 222.067 16.029 7083.85 204.747
n0.087_5.40 -225.873 0.280106 -0.515967 0.0133541 329.105 18.5834 6705.36 113.337
n0.087_5.49 -224.984 0.627591 -0.510533 0.0294129 444.778 19.8848 7660.41 129.364
n0.087_5.58 -225.086 0.404323 -0.484067 0.0230925 374.197 18.5171 6541.44 120.607
n0.087_5.67 -225.072 0.397778 -0.4783 0.0279591 174.207 14.3464 3107.22 76.0534
n0.087_5.76 -223.61 0.655994 -0.583467 0.0494966 264.828 15.2283 4143.26 96.5575
n0.087_5.85 -222.873 0.374419 -0.640833 0.0380303 280.164 15.5132 5290.89 144.079
n0.087_5.94 -224.028 1.11174 -0.4798 0.150173 154.532 11.8164 3904.39 143.32
n0.087_6.03 -223.429 3.4152 -0.409967 0.163344 42.9518 6.48032 1091.34 76.4463
n0.174_0 -223.911 1.48944 -0.542967 0.0696309 65.6013 8.34127 1288.76 58.1673
n0.174_0.09 -220.139 3.99447 -0.585233 0.129067 40.6451 6.63612 797.698 43.0809
n0.174_0.18 -229.325 6.04046 -0.5268 0.206176 9.50802 2.24521 139.541 17.1023
n0.174_0.27 -225.623 8.5247 -0.453033 0.269682 12.9876 3.33504 229.029 19.6205
n0.174_0.36 -225.721 7.40383 -0.432733 0.219003 28.6885 5.34449 473.778 28.3948
n0.174_0.45 -224.936 5.10595 -0.4985 0.161611 31.2357 6.74583 618.012 39.4526
n0.174_0.54 -220.816 2.12898 -0.5711 0.190351 42.3039 6.09899 653.91 34.1453
n0.174_0.63 -220.141 0.523124 -0.6235 0.085421 69.7194 7.86537 1361.39 58.6562
n0.174_0.72 -220.055 1.03874 -0.494133 0.142223 66.1736 9.17657 1981.72 121.397
n0.174_0.81 -222.491 3.26454 -0.412067 0.209404 27.3058 5.79641 619.413 44.4174
n0.174_0.90 -221.293 1.38206 -0.642967 0.0975045 35.3321 5.13242 593.709 48.3586
n0.174_0.99 -223.863 2.13601 -0.516833 0.0944438 45.3491 5.10077 880.675 65.8617
n0.174_1.08 -225.186 1.6698 -0.438067 0.0632091 109.371 8.36122 1690.72 84.8264
n0.174_1.17 -224.33 1.59715 -0.430267 0.0679715 134.098 10.6328 1896.2 58.3436
n0.174_1.26 -225.911 3.31766 -0.313833 0.166304 69.3558 7.72985 1151 48.034
n0.174_1.35 -223.355 1.88783 -0.4483 0.169609 48.1088 7.51034 1112.95 41.5157
n0.174_1.44 -222.955 1.06019 -0.510733 0.053059 41.4599 8.79175 916.664 34.7967
n0.174_1.53 -220.053 1.26822 -0.598433 0.0588649 64.5603 8.64824 989.29 30.446
n0.174_1.62 -222.231 1.99801 -0.503967 0.161875 46.7947 7.35371 852.003 32.1096
n0.174_1.71 -224.523 3.37444 -0.535867 0.20936 43.0735 6.87663 929.542 43.7239
n0.174_1.80 -225.052 2.12671 -0.513467 0.220079 60.8677 7.3249 1189 41.5664
n0.174_1.89 -227.471 1.25017 -0.4186 0.142374 51.5987 7.1615 878.832 43.5579
n0.174_1.98 -227.686 2.89718 -0.387433 0.186529 26.1635 5.99858 663.46 37.5182
n0.174_2.07 -219.951 7.35363 -0.587867 0.144447 21.4964 4.86749 954.921 45.0934
n0.174_2.16 -223.326 1.36188 -0.542933 0.0779931 48.1233 8.80785 1393.55 70.4441
n0.174_2.25 -222.803 2.57672 -0.3767 0.163037 44.8464 6.40667 1233.34 83.3771
n0.174_2.34 -224.026 1.71096 -0.371433 0.101394 47.59 6.97188 1056.46 91.6454
n0.174_2.43 -223.472 2.71403 -0.561733 0.180981 19.174 3.85234 365.795 31.3783
n0.174_2.52 -225.139 3.37328 -0.540967 0.171279 20.6231 4.39329 372.783 31.2761
n0.174_2.61 -226.706 1.9436 -0.595333 0.0835657 30.0033 5.77578 369.41 28.9065
n0.174_2.70 -225.189 1.04139 -0.554033 0.0742639 50.9441 7.10623 851.751 56.2323
n0.174_2.79 -225.468 0.877474 -0.457967 0.0513855 66.7727 9.23059 1546.37 67.2994
n0.174_2.88 -225.192 1.76518 -0.5128 0.0898745 75.5981 10.1083 1696.67 86.1747
n0.174_2.97 -225.507 1.09776 -0.5643 0.0586865 114.171 13.4241 3003.26 145.529
n0.174_3.06 -226.279 0.95176 -0.5242 0.134292 78.1791 9.96969 2416.7 124.834
n0.174_3.15 -225.556 1.55197 -0.557067 0.106407 69.52 8.13363 1472.64 78.0149
n0.174_3.24 -221.115 2.03873 -0.616367 0.0697295 46.9072 5.67646 796.324 59.2249
n0.174_3.33 -221.792 0.953686 -0.524733 0.039624 83.3872 9.02993 1076.55 43.555
n0.174_3.42 -224.146 0.333277 -0.4732 0.0443827 360.492 18.4207 8885.46 202.49
n0.174_3.51 -224.658 0.143809 -0.519433 0.0713667 1127.59 31.2194 25882.1 302.044
n0.174_3.60 -224.369 0.157051 -0.530833 0.0332311 1354.54 37.4652 28911.4 290.188
n0.174_3.69 -223.528 0.270385 -0.545033 0.0287877 793.793 31.7539 16030.4 228.168
n0.174_3.78 -222.583 0.641716 -0.548333 0.0429133 335.253 22.7944 7677.6 183.809
n0.174_3.87 -221.493 0.909343 -0.572233 0.050221 212.604 17.2166 4737.64 155.257
n0.174_3.96 -223.673 0.678546 -0.511067 0.0301219 203.379 18.2728 4420.89 121.758
n0.174_4.05 -224.084 0.632195 -0.5661 0.0371348 152.401 13.0655 2324.24 64.5772
n0.174_4.14 -223.996 0.854659 -0.561767 0.0553451 66.7946 8.66863 1119.89 45.2556
n0.174_4.23 -224.152 1.21247 -0.5191 0.065126 34.3292 5.33353 666.706 41.0453
n0.174_4.32 -222.745 2.20344 -0.436667 0.107346 25.9014 5.59618 699.047 34.243
n0.174_4.41 -237.588 5.78617 -0.437333 0.170661 27.7568 5.93074 1411.83 39.2026
n0.174_4.50 -233.619 6.69394 -0.298133 0.196151 44.9839 7.4305 1963.2 65.9255
n0.174_4.59 -220.324 4.13173 -0.573633 0.157998 54.4595 8.72652 2300.31 73.3346
n0.174_4.68 -230.135 8.09543 -0.589233 0.236124 53.3819 8.46992 2097.5 82.3068
n0.174_4.77 -223.669 1.87314 -0.546633 0.15393 78.8011 15.9737 2937.64 96.5147
n0.174_4.86 -223.521 0.576166 -0.657833 0.0556025 345.136 25.7002 10326.2 161.293
n0.174_4.95 -225.342 0.575038 -0.484333 0.0761767 401.516 26.4441 11374.3 164.54
n0.174_5.04 -225.846 0.830326 -0.571933 0.0789924 101.205 13.2994 2590.03 71.8077
n0.174_5.13 -227.111 0.963545 -0.649333 0.0579415 106.25 13.8467 2518.1 61.7177
n0.174_5.22 -227.383 0.879317 -0.6121 0.0637792 123.989 15.9597 4026.94 108.748
n0.174_5.31 -226.502 0.368371 -0.494933 0.0198795 256.078 19.2955 7001.66 182.213
n0.174_5.40 -224.646 0.24043 -0.5454 0.0107381 523.115 25.0598 9708.57 148.425
n0.174_5.49 -223.788 0.234921 -0.5602 0.0139293 664.704 24.1551 11951.7 163.875
n0.174_5.58 -224.144 0.244215 -0.532667 0.0160174 427.869 19.5091 8128.05 143.462
n0.174_5.67 -223.432 0.356403 -0.5327 0.0216359 266.571 14.6032 5112.08 128.425
n0.261_0 -222.877 2.0225 -0.2887 0.151681 21.7663 3.40463 252.047 28.5363
n0.261_0.10 -219.099 5.04947 -0.587933 0.199061 15.1323 3.83663 226.732 19.1648
n0.261_0.20 -229.55 5.57892 -0.191 0.204666 11.5388 2.23149 172.312 18.9665
n0.261_0.30 -233.322 9.49466 -0.178033 0.273909 21.2824 4.79621 366.877 23.9833
n0.261_0.40 -232.727 6.97277 -0.211067 0.229978 50.5667 7.60671 747.708 37.5864
n0.261_0.50 -223.472 3.67875 -0.582067 0.195442 28.3509 5.9093 599.922 33.8693
n0.261_0.60 -222.333 1.19273 -0.443467 0.0863824 33.71 5.2281 472.631 31.046
n0.261_0.70 -220.962 0.761754 -0.576667 0.0943604 62.3911 5.99569 923.569 57.8916
n0.261_0.80 -221.805 0.70413 -0.426 0.0447102 70.9028 8.64975 918.965 48.5196
n0.261_0.90 -223.394 1.51783 -0.4645 0.0692923 64.1402 7.60481 1017.97 52.6957
n0.261_1.00 -223.459 0.47373 -0.560267 0.028568 164.051 11.0836 2277.74 82.9281
n0.261_1.10 -224.504 0.538123 -0.491867 0.0300652 188.735 13.5746 3029.39 95.2283
n0.261_1.20 -226.309 1.21726 -0.370767 0.0643709 150.745 11.9762 2422.17 81.8359
n0.261_1.30 -226.844 2.86495 -0.3388 0.142961 66.8651 9.17704 1301.06 56.5646
n0.261_1.40 -223.821 2.17506 -0.566667 0.0947588 46.8789 7.32534 943.51 42.1637
n0.261_1.50 -221.858 2.11111 -0.4856 0.0876442 42.8881 6.7219 679.294 25.3858
n0.261_1.60 -222.907 1.02352 -0.384933 0.0763928 97.3879 8.54995 1199.16 42.4092
n0.261_1.70 -222.9 1.0609 -0.521 0.154693 66.6988 8.24684 930.07 45.0136
n0.261_1.80 -224.253 2.42026 -0.4871 0.23847 68.1309 7.66292 1240.32 49.9521
n0.261_1.90 -224.88 3.52634 -0.382767 0.249019 34.2892 4.93023 665.275 35.6258
n0.261_2.00 -223.747 3.62381 -0.486733 0.250235 26.1226 6.42307 829.443 32.5725
n0.261_2.10 -223.654 3.59608 -0.559 0.207742 29.1133 7.02983 1255.17 56.955
n0.261_2.20 -222.575 2.65774 -0.5924 0.0937837 25.5438 5.86324 701.657 41.6937
n0.261_2.30 -223.01 5.20486 -0.3608 0.25487 18.062 3.61136 597.495 53.0783
n0.261_2.40 -225.667 7.6047 -0.448933 0.263698 20.1641 4.34708 361.817 35.9789
n0.261_2.50 -225.203 4.27992 -0.5477 0.148475 24.1529 4.24338 354.914 35.4774
n0.261_2.60 -224.322 1.50876 -0.565233 0.0798983 41.3697 5.74788 761.24 44.9272
n0.261_2.70 -226.551 2.51625 -0.343167 0.180681 31.3319 7.27066 938.353 51.0689
n0.261_2.80 -226.909 1.19401 -0.6165 0.124791 49.3791 9.20125 1316.56 71.2217
n0.261_2.90 -228.21 2.73783 -0.556033 0.137469 37.9122 6.79228 943.967 52.7779
n0.261_3.00 -225.963 1.84058 -0.580267 0.0794825 67.6578 9.88006 2168.95 110.719
n0.261_3.10 -225.031 1.21278 -0.606933 0.0702623 73.9722 12.1436 1963.58 76.0599
n0.261_3.20 -222.517 1.97385 -0.5642 0.0659274 71.1815 8.01612 1287.68 44.9881
n0.261_3.30 -224.567 2.69826 -0.4669 0.0919394 81.9071 7.5621 1079.29 47.8176
n0.261_3.40 -223.913 0.794006 -0.484067 0.0309612 125.374 9.82213 1793.51 61.6887
n0.261_3.50 -224.184 0.151749 -0.4858 0.0283718 513.943 21.1457 8547.62 164.767
n0.261_3.60 -224.108 0.200556 -0.556867 0.0805124 1015.98 26.4968 18897.9 206.127
n0.261_3.70 -223.385 0.173738 -0.527967 0.0262767 925.371 27.7159 17458.4 216.684
n0.261_3.80 -223.512 0.410404 -0.5155 0.032976 529.187 24.2849 12270.3 225.332
n0.261_3.90 -223.355 0.525112 -0.4858 0.0335603 428.958 20.4488 9400.53 202.279
n0.261_4.00 -225.168 1.72912 -0.404133 0.0831516 214.11 15.075 3908.49 114.069
n0.261_4.10 -223.966 0.866016 -0.488667 0.0399068 151.902 12.7434 2305.82 98.4681
n0.261_4.20 -223.301 1.21519 -0.491933 0.0710901 70.7772 7.47862 1228.2 56.8314
n0.261_4.30 -222.599 1.15907 -0.498333 0.0585282 32.9069 5.53964 553.534 24.3376
n0.261_4.40 -230.9 5.53411 -0.324433 0.162006 16.2354 3.85308 265.531 16.128
n0.261_4.50 -226.211 6.1652 -0.460233 0.199913 14.2018 2.9138 158.224 10.8403
n0.261_4.60 -232.034 4.30131 -0.361733 0.201725 27.2288 5.67128 423.094 24.9086
n0.261_4.70 -235.03 2.67754 -0.326633 0.22366 134.797 18.3231 2644.24 55.4857
n0.261_4.80 -224.585 0.653134 -0.509167 0.119946 384.27 27.778 9603.87 179.226
n0.261_4.90 -224.329 0.392198 -0.4258 0.0460394 579.7 28.3057 14122.2 193.435
n0.261_5.00 -224.277 0.754311 -0.351867 0.0864865 221.627 19.4136 6780.31 123.082
n0.261_5.10 -224.095 2.80458 -0.613633 0.133681 51.8143 9.01783 2168.65 77.2195
n0.261_5.20 -227.847 4.69704 -0.488967 0.180884 29.1057 6.44351 779.699 43.0991
n0.261_5.30 -228.057 2.20707 -0.5481 0.101521 92.3519 12.2795 2336.6 55.5903
n0.261_5.40 -222.871 0.434205 -0.6035 0.0249149 329.825 16.2636 5206.21 98.1665
n0.261_5.50 -222.996 0.34594 -0.563433 0.0170219 422.827 17.9541 7601.81 128.047
n0.261_5.60 -223.203 0.752419 -0.571133 0.0321245 221.899 14.7817 4285.08 115.855
n0.261_5.70 -223.913 0.53924 -0.501433 0.0383772 182.754 11.477 3960.45 141.759
n0.261_5.80 -221.979 1.72321 -0.4555 0.0799046 47.8178 6.39755 794.08 45.4703
n0.261_5.90 -220.035 1.87876 -0.512867 0.0675365 44.8307 6.01872 744.978 40.0949
n0.348_0 -222.481 5.82352 -0.214967 0.201699 5.85148 1.7878 66.2732 8.15642
n0.348_0.11 -222.31 3.1792 -0.4147 0.138948 12.4367 2.58032 135.459 11.9677
n0.348_0.22 -226.427 4.7676 -0.3037 0.17956 10.5034 1.68185 117.822 19.7631
n0.348_0.33 -223.273 3.8682 -0.467467 0.139953 29.8381 4.11151 251.221 15.3526
n0.348_0.44 -230.737 5.17057 -0.292 0.172444 38.3324 6.69109 550.478 32.5454
n0.348_0.55 -221.359 5.17886 -0.524233 0.189601 27.6449 5.11963 499.261 28.4172
n0.348_0.66 -225.992 6.70392 -0.3698 0.191645 23.3839 3.93576 286.917 17.3813
n0.348_0.77 -221.504 0.675705 -0.488967 0.0656115 103.072 9.51544 1123.91 45.4168
n0.348_0.88 -223.237 0.840054 -0.473067 0.0452666 102.762 9.55644 1345.54 46.2025
n0.348_0.99 -222.989 0.456055 -0.500567 0.0329972 164.687 12.0789 2076.27 59.179
n0.348_1.10 -223.789 0.546223 -0.5467 0.0354849 126.784 12.3124 2314.32 75.7586
n0.348_1.21 -226.107 2.56532 -0.418667 0.178136 115.878 11.3458 2191.02 79.733
n0.348_1.32 -226.314 2.64873 -0.506567 0.143652 63.6428 8.99807 1129.08 50.0488
n0.348_1.43 -220.96 4.50334 -0.6054 0.173778 38.0554 7.27285 733.717 34.5541
n0.348_1.54 -223.515 1.45334 -0.487133 0.0709111 60.3721 6.98508 895.487 35.8801
n0.348_1.65 -223.998 0.836799 -0.427033 0.0605139 82.8015 7.22937 946.097 30.6397
n0.348_1.76 -221.911 0.678248 -0.561033 0.0638462 38.9074 5.10984 535.112 33.635
n0.348_1.87 -223.18 2.54559 -0.4538 0.18537 19.0315 3.53502 308.828 25.3551
n0.348_1.98 -222.701 2.21942 -0.559033 0.113133 29.0866 5.64394 514.37 38.364
n0.348_2.09 -225.725 2.64019 -0.514767 0.127758 22.8303 5.67322 508.406 33.5439
n0.348_2.20 -220.508 3.06705 -0.624067 0.103228 18.6056 3.37768 347.182 43.1217
n0.348_2.31 -221.681 2.2654 -0.539733 0.171929 22.6665 4.94283 505.482 43.3887
n0.348_2.42 -228.312 9.46021 -0.446067 0.213963 16.4866 3.78063 298.687 18.1326
n0.348_2.53 -224.566 2.57173 -0.487033 0.148687 42.3665 7.19188 1238.59 54.4067
n0.348_2.64 -223.998 2.02078 -0.473133 0.212429 42.781 8.10729 1755.64 70.7223
n0.348_2.75 -226.239 1.3629 -0.129733 0.147292 54.2119 9.84572 1589.59 51.4589
n0.348_2.86 -229.14 3.8263 -0.3023 0.198731 21.9703 3.46784 343.826 27.9733
n0.348_2.97 -230.551 1.51359 -0.541367 0.0489237 30.2682 5.9111 415.532 18.5528
n0.348_3.08 -232.917 5.82139 -0.363633 0.188218 72.9359 10.8536 1708.66 39.7593
n0.348_3.19 -221.936 4.08562 -0.6282 0.115788 94.5591 12.5139 2592.06 53.3037
n0.348_3.30 -226.682 6.30456 -0.457533 0.219889 81.7584 9.40257 1462.79 50.2638
n0.348_3.41 -226.498 5.66475 -0.3855 0.180145 91.2051 8.54966 1426.59 55.6142
n0.348_3.52 -227.238 4.85317 -0.405333 0.161232 55.1344 7.22348 876.092 33.8235
n0.348_3.63 -222.717 0.227215 -0.5025 0.053542 297.385 15.1435 5303.04 109.036
n0.348_3.74 -224.211 0.235554 -0.467867 0.0277041 429.367 15.6685 7440.6 130.83
n0.348_3.85 -223.803 0.361201 -0.499667 0.0339738 598.508 23.1088 12344 228.854
n0.348_3.96 -223.341 0.313592 -0.496933 0.0291227 487.856 19.9918 8477.32 163.462
n0.348_4.07 -224.197 0.573864 -0.515367 0.0355987 201.036 14.4939 3608.49 100.721
n0.348_4.18 -224.178 1.35031 -0.505533 0.0866802 109.701 11.7505 2076.53 72.2639
n0.348_4.29 -223.699 1.37126 -0.553667 0.0712429 40.6102 6.84841 648.99 31.3481
n0.348_4.40 -229.599 3.14185 -0.375433 0.132881 19.7118 3.7767 178.983 21.0211
n0.348_4.51 -229.502 5.44594 -0.3503 0.203843 16.8181 2.12408 167.248 26.5343
n0.348_4.62 -224.431 5.40736 -0.5374 0.148186 18.0937 1.84603 181.193 26.3856
n0.348_4.73 -225.335 3.58454 -0.142333 0.186959 144.595 14.5162 3276.47 116.007
n0.348_4.84 -223.653 0.360848 -0.324167 0.0888762 405.838 24.1618 8761.28 164.753
n0.348_4.95 -224.259 0.615267 -0.338367 0.152219 213.448 15.8606 5230.8 104.065
n0.348_5.06 -220.123 5.14488 -0.430733 0.240866 46.48 7.07908 2591.65 57.7325
n0.348_5.17 -233.448 5.45574 -0.254667 0.199631 33.0535 5.85231 438.195 32.6912
n0.348_5.28 -228.088 2.70549 -0.498067 0.11247 63.7587 10.3945 1464.49 57.3318
n0.348_5.39 -223.16 1.75234 -0.5954 0.112053 137.994 12.7381 2770.33 90.5535
n0.348_5.50 -222.357 1.35079 -0.546833 0.0629151 150.001 11.8583 2497.52 79.4476
n0.348_5.61 -224.539 1.32414 -0.481233 0.0562045 129.824 9.43067 1812.38 64.186
n0.348_5.72 -224.29 0.814547 -0.467633 0.0336402 81.8495 7.76158 1383.47 59.8172
n0.348_5.83 -229.945 7.95789 -0.428467 0.210012 38.3993 6.40361 1100.78 46.9959
n0.348_5.94 -223.614 8.57062 -0.561767 0.248885 55.1938 6.6724 1253.16 52.8989
n0.348_6.05 -225.54 9.51337 -0.404233 0.283309 35.3907 5.57669 758.691 38.8866
n0.436_0 -229.157 7.26749 -0.612967 0.124018 9.00353 1.92075 105.514 11.9374
n0.436_0.12 -223.941 1.88794 -0.251533 0.199537 20.3306 3.1037 247.63 20.2994
n0.436_0.24 -222.18 5.36609 -0.528533 0.19805 12.8218 3.11404 192.726 22.6718
n0.436_0.36 -223.286 6.06637 -0.4883 0.165256 17.562 3.8465 252.042 19.6664
n0.436_0.48 -221.031 4.25546 -0.563167 0.143816 23.058 4.87156 420.698 31.786
n0.436_0.60 -219.709 1.19607 -0.586667 0.0568673 43.381 6.2881 546.459 32.2262
n0.436_0.72 -226.953 7.33777 -0.286667 0.248013 30.8298 4.65412 325.718 17.1355
n0.436_0.84 -221.268 1.03825 -0.660767 0.0425865 59.886 8.63684 833.007 38.4244
n0.436_0.96 -224.132 1.04372 -0.3661 0.0939663 84.5543 9.16142 1202.69 45.785
n0.436_1.08 -224.815 1.28673 -0.343567 0.0835489 62.986 10.496 1163.11 54.5115
n0.436_1.20 -223.014 1.15051 -0.5502 0.103573 66.6101 8.39251 1286.38 60.1768
n0.436_1.32 -224.505 5.73871 -0.5363 0.239678 52.3534 8.33487 1025.7 49.212
n0.436_1.44 -220.39 2.24425 -0.670767 0.0603899 43.0356 8.81557 867.712 42.5067
n0.436_1.56 -221.233 0.76916 -0.5685 0.0465985 48.5965 6.85928 836.719 38.141
n0.436_1.68 -221.872 0.835561 -0.527933 0.0378673 53.5218 7.65436 879.908 28.6591
n0.436_1.80 -222.796 2.29483 -0.472167 0.166648 28.7634 6.06464 542.161 25.6845
n0.436_1.92 -223.237 3.1243 -0.494867 0.140645 18.2098 3.88216 386.353 28.328
n0.436_2.04 -224.843 4.78436 -0.5002 0.151409 26.0852 5.32994 557.477 39.4658
n0.436_2.16 -221.754 3.02282 -0.5572 0.18716 17.9411 3.3997 275.326 24.3402
n0.436_2.28 -222.746 4.08652 -0.430333 0.131609 25.0019 3.97857 550.244 58.6821
n0.436_2.40 -224.003 5.60202 -0.482767 0.197529 24.2597 5.74983 521.268 29.3555
n0.436_2.52 -224.038 3.40439 -0.481533 0.0975827 42.9524 7.13703 1148.77 46.6409
n0.436_2.64 -228.308 3.5253 -0.407 0.179388 41.154 8.65881 1824.97 53.4947
n0.436_2.76 -225.207 1.18175 -0.233233 0.163477 65.178 10.6303 1753.35 49.9539
n0.436_2.88 -226.385 2.83474 -0.359267 0.133295 14.9948 2.90323 202.128 17.6562
n0.436_3.00 -231.87 9.12593 -0.3596 0.299224 7.78536 2.00813 74.5996 8.73106
n0.436_3.12 -226.733 6.28328 -0.4886 0.1879 64.4178 10.0816 1727.11 43.2401
n0.436_3.24 -224.889 7.17729 -0.546567 0.204837 95.4511 11.4044 2052.69 48.8341
n0.436_3.36 -220.275 5.09331 -0.631467 0.153811 70.858 8.82472 1145.39 50.7721
n0.436_3.48 -226.397 2.91087 -0.397033 0.0987417 101.075 8.20699 1224.51 53.3643
n0.436_3.60 -218.318 1.32185 -0.684233 0.0417518 92.4569 10.3992 1408.33 48.3403
n0.436_3.72 -227.517 4.20422 -0.409467 0.153109 27.7101 7.69701 887.578 43.0547
n0.436_3.84 -224.698 0.30738 -0.440933 0.0307245 267.684 15.4673 4973.67 143.091
n0.436_3.96 -223.475 0.399631 -0.492933 0.038126 268.589 16.6068 4921.42 134.401
n0.436_4.08 -222.965 1.71564 -0.578067 0.121992 87.1473 10.3336 2152.81 84.2027
n0.436_4.20 -223.301 1.14111 -0.5593 0.0815237 41.2999 7.24372 873.857 44.1283
n0.436_4.32 -226.376 7.9156 -0.442767 0.28747 18.3151 3.6839 236.118 20.064
n0.436_4.44 -229.803 5.36667 -0.438467 0.287865 9.79869 2.74176 163.143 23.2993
n0.436_4.56 -229.049 3.57219 -0.464 0.205447 18.547 2.85236 225.952 33.7827
n0.436_4.68 -229.487 7.33249 -0.352467 0.246913 8.73571 1.6422 52.633 5.30001
n0.436_4.80 -217.454 3.26873 -0.481667 0.160987 10.5387 2.55428 131.596 20.2589
n0.436_4.92 -221.111 2.9344 -0.569233 0.130488 17.3715 3.43541 297.134 23.6218
n0.436_5.04 -230.065 7.5875 -0.4907 0.27251 6.79585 1.74937 101.309 17.543
n0.436_5.16 -227.857 7.60098 -0.474233 0.272919 26.8635 4.88941 201.89 13.8848
n0.436_5.28 -226.485 3.48185 -0.539233 0.133269 41.831 8.78415 789.066 42.0194
n0.436_5.40 -223.459 1.67293 -0.530533 0.0896165 59.1499 7.23362 890.317 59.2342
n0.436_5.52 -223.082 1.69961 -0.471067 0.113663 54.4842 7.38409 868.441 47.3763
n0.436_5.64 -223.339 1.98565 -0.4846 0.0744874 63.2208 6.26995 711.4 32.8778
n0.436_5.76 -227.995 5.0374 -0.403667 0.173188 59.3402 6.80161 1040.57 47.8532
n0.436_5.88 -231.086 7.16568 -0.3699 0.215364 70.0516 7.30706 1441.02 56.6711
n0.436_6.00 -222.181 8.26025 -0.5423 0.271912 38.5945 5.38405 930.59 55.3916
n0.436_6.12 -232.829 8.73004 -0.266033 0.257661 16.6182 3.21414 681.291 43.0164
n0.523_0 -228.596 10.8473 -0.471667 0.266954 10.5906 2.69977 211.294 15.3997
n0.523_0.13 -225.428 2.69305 -0.234167 0.236033 16.0117 2.71713 215.586 22.7172
n0.523_0.26 -228.937 4.97828 -0.2642 0.192024 11.3363 2.1451 104.566 11.5909
n0.523_0.39 -225.936 3.70433 -0.381533 0.153542 18.418 3.45403 289.278 28.4292
n0.523_0.52 -220.807 2.45759 -0.568167 0.0967521 48.6086 6.42299 633.011 35.2204
n0.523_0.65 -219.765 2.6889 -0.6161 0.0809176 47.8381 7.17451 666.003 30.7284
n0.523_0.78 -220.647 1.64824 -0.6516 0.0725877 59.6065 7.27488 904.191 61.3649
n0.523_0.91 -221.39 2.45492 -0.653933 0.0707158 43.0834 7.57763 712.469 56.5221
n0.523_1.04 -222.645 2.1867 -0.5364 0.112952 34.1137 5.08266 518.858 33.2968
n0.523_1.17 -223.121 0.967144 -0.6272 0.0907316 57.1227 8.23187 1067.41 49.5282
n0.523_1.30 -223.055 2.37641 -0.482367 0.109111 46.1613 6.52008 904.058 38.7351
n0.523_1.43 -224.183 4.40102 -0.4115 0.18614 40.0238 5.72658 675.652 34.9431
n0.523_1.56 -220.839 0.484141 -0.497733 0.0400749 80.6261 7.82207 1621.43 80.9047
n0.523_1.69 -222.71 0.846409 -0.476233 0.0727068 57.4301 9.38823 1324.58 47.3787
n0.523_1.82 -224.419 0.681199 -0.5473 0.0268944 50.1288 6.47442 743.836 27.4897
n0.523_1.95 -221.964 4.0867 -0.5932 0.110531 36.7148 6.43354 688.541 29.3963
n0.523_2.08 -222.022 3.36291 -0.624067 0.122982 24.0493 5.14622 509 25.8776
n0.523_2.21 -225.122 2.83499 -0.231267 0.256165 17.5004 2.90915 217.403 12.3219
n0.523_2.34 -234.361 9.72873 -0.144433 0.144644 11.1142 2.46655 174.675 14.0748
n0.523_2.47 -223.345 2.62976 -0.488667 0.153946 24.0958 4.12786 313.123 19.9801
n0.523_2.60 -223.744 7.11707 -0.440067 0.216004 13.7422 2.98083 405.935 21.8081
n0.523_2.73 -223.582 5.04149 -0.600133 0.142838 27.6755 5.39234 455.425 21.1706
n0.523_2.86 -221.334 3.41083 -0.552967 0.135235 16.1604 2.43556 205.03 11.8163
n0.523_2.99 -232.687 6.80168 -0.3423 0.2638 11.0752 3.37956 133.591 12.4892
n0.523_3.12 -231.849 8.11473 -0.327833 0.19781 16.1008 2.87714 177.518 27.7694
n0.523_3.25 -230.651 6.59742 -0.359933 0.198552 71.2748 7.53442 995.468 45.1851
n0.523_3.38 -226.727 5.45411 -0.4534 0.17375 60.8476 7.81047 1030.42 43.2809
n0.523_3.51 -223.697 3.94841 -0.496033 0.133415 93.8882 9.60171 1240.91 55.0034
n0.523_3.64 -219.148 3.03593 -0.673133 0.0966339 100.236 12.727 2015.55 75.6541
n0.523_3.77 -223.647 1.11745 -0.4653 0.0492258 85.4291 9.58799 1593.1 42.5763
n0.523_3.90 -223.739 0.632503 -0.4813 0.043254 94.9772 9.52686 1537.56 55.017
n0.523_4.03 -222.101 1.31343 -0.476133 0.117781 40.2898 6.6514 760.422 46.3075
n0.523_4.16 -221.232 1.874 -0.626433 0.0685771 38.1633 6.06753 717.687 49.1095
n0.523_4.29 -227.03 5.65337 -0.4138 0.205185 10.8653 2.73345 176.361 15.0586
n0.523_4.42 -229.145 6.86516 -0.410833 0.199151 11.0219 2.88592 243.15 27.4568
n0.523_4.55 -230.725 4.65066 -0.536433 0.149373 13.8435 2.69531 166.83 20.2474
n0.523_4.68 -231.163 5.0002 -0.184167 0.21834 6.34621 1.00284 42.3019 2.59644
n0.523_4.81 -229.685 4.1996 -0.2668 0.211548 10.3496 1.74639 58.6692 9.04291
n0.523_4.94 -235.212 6.27657 -0.237367 0.245283 9.05507 1.85007 60.414 5.95728
n0.523_5.07 -230.936 11.2782 -0.215933 0.261546 5.06662 1.65947 54.3293 10.9965
n0.523_5.20 -221.02 12.2618 -0.0378 0.0673332 1.34827 0.548913 12.1058 1.53259
n0.523_5.33 -229.688 2.3621 -0.5944 0.183631 7.80547 1.80425 101.469 11.1598
n0.523_5.46 -226.955 1.9058 -0.313633 0.167982 18.9224 3.73149 268.483 26.8911
n0.523_5.59 -226.179 1.83324 -0.480833 0.0993595 30.3415 5.29685 502.346 35.9151
n0.523_5.72 -221.969 1.23061 -0.621033 0.049224 66.7531 9.12749 1009.52 46.4269
n0.523_5.85 -230.195 6.17391 -0.347067 0.209995 50.4391 6.71559 949.658 42.865
n0.523_5.98 -220.886 3.60099 -0.6144 0.128799 45.317 6.99432 907.968 55.4083
n0.523_6.11 -234.334 4.75657 -0.265133 0.258492 30.4522 6.20409 962.231 67.495
n0.610_0 -220.671 1.2212 -0.537067 0.218475 35.9565 6.63554 608.828 27.1669
n0.610_0.14 -232.123 6.64789 -0.184933 0.148395 11.475 2.62972 160.173 12.1232
n0.610_0.28 -228.668 3.16001 -0.186133 0.109455 18.4213 3.75136 239.022 17.2353
n0.610_0.42 -224.853 3.77691 -0.391233 0.146452 32.6226 5.92134 532.622 32.2487
n0.610_2.52 -230.06 7.66408 -0.374967 0.271641 5.66491 1.14651 48.1267 3.72194
n0.610_2.66 -234.3 9.58475 -0.3119 0.252437 6.55968 1.60078 84.7537 11.9929
n0.610_2.94 -232.034 6.44167 -0.212867 0.234306 10.3539 2.09504 103.376 11.1005
n0.610_3.08 -236.254 10.0869 -0.3615 0.313731 14.2068 4.19937 208.244 7.44743
n0.610_3.22 -230.646 9.3805 -0.228333 0.190458 12.5295 3.62002 179.21 10.9888
n0.610_3.36 -228.544 6.25126 -0.3781 0.192826 44.8785 7.52907 907.311 46.4817
n0.610_3.50 -223.032 2.00706 -0.531533 0.0648206 68.7651 7.29611 1178.6 54.4246
n0.610_3.64 -219.301 3.38923 -0.6582 0.109094 99.1407 11.3602 2164.22 73.9498
n0.610_3.78 -220.41 2.10593 -0.573433 0.0744563 125.807 11.2447 2343.04 70.1783
n0.610_4.76 -235.074 5.95553 -0.490733 0.301532 9.31429 2.53671 62.2808 9.38404
n0.610_4.90 -230.486 8.17438 -0.473833 0.246935 20.337 2.79313 196.491 12.814
n0.610_5.04 -219.629 7.09456 -0.1597 0.290374 3.33738 0.965136 21.0637 2.8444
n0.610_5.18 -224.873 9.27008 -0.216333 0.238271 2.27089 0.719703 22.604 4.73662
n0.697_0 -221.178 1.17665 -0.383033 0.222498 32.838 4.85588 438.146 20.092
n0.697_0.30 -224.095 7.85665 -0.374733 0.251076 11.9468 3.13934 144.518 11.1123
n0.697_2.55 -227.391 6.90435 -0.525833 0.24247 15.9501 3.23771 214.176 24.6595
n0.697_2.70 -225.451 6.02537 -0.4228 0.221858 19.2668 4.60385 316.33 20.8472
n0.697_2.85 -225.776 8.77973 -0.4517 0.227773 14.0182 3.47826 284.711 16.6821
n0.697_3.00 -226.574 8.63658 -0.402233 0.263638 20.8435 4.12132 255.674 11.6341
n0.697_3.15 -220.868 9.3364 -0.2175 0.282144 19.5853 4.54195 288.751 16.7883
n0.697_3.30 -228.935 9.65663 -0.367967 0.237328 13.4089 3.40656 207.265 12.2337
n0.697_3.60 -221.094 3.06143 -0.603567 0.0914353 99.0923 11.9758 2067.89 67.6997
n0.697_3.75 -220.871 4.29035 -0.571133 0.142098 121.69 11.4012 2276.09 71.1923
n0.697_3.90 -226.375 2.61149 -0.393 0.0802455 78.3327 10.9978 1791.2 59.9159
n0.697_4.80 -226.492 7.82741 -0.380767 0.19687 23.7733 4.23832 263.84 17.5719
n0.697_4.95 -232.015 3.60653 -0.296167 0.0946906 17.5636 3.4455 170.239 14.8529
n0.697_5.10 -223.359 8.62146 -0.4878 0.305709 5.63673 0.898277 42.0393 2.78006
n0.785_0.34 -223.661 10.5232 -0.315333 0.321423 15.5036 2.55118 216.13 32.0503
n0.785_0.51 -219.906 9.2067 -0.5955 0.201402 21.1437 4.69944 545.306 41.5642
n0.785_2.55 -226.92 5.93611 -0.5463 0.17158 18.7902 4.17573 302.968 25.4778
n0.785_2.72 -220.599 3.67473 -0.602333 0.207339 15.1831 3.74151 209.43 19.0587
n0.785_2.89 -231.362 10.7124 -0.271967 0.307826 17.2159 2.92514 216.418 22.7841
n0.785_3.06 -224.588 10.4126 -0.501033 0.288657 21.501 4.66578 230.534 13.9152
n0.785_3.57 -224.976 1.32718 -0.461433 0.0634624 71.7088 11.6139 1796.37 52.764
n0.785_3.74 -223.542 2.4885 -0.552067 0.0831075 77.7832 9.52362 1550.55 59.4894
n0.785_3.91 -222.72 0.790845 -0.585867 0.034684 118.609 14.3553 2154.29 67.9949
n0.785_4.08 -222.027 1.15821 -0.542167 0.0567595 73.7574 10.3321 1172.16 49.1959
n0.785_4.59 -222.891 1.00422 -0.4916 0.0549876 39.1705 5.62156 542.937 28.2299
n0.785_4.76 -223.048 4.78769 -0.580033 0.151743 22.5891 3.70486 336.859 21.4462
n0.785_5.10 -226.339 8.63722 -0.4701 0.25303 15.7349 3.30807 174.864 24.9048
n0.785_5.27 -229.577 6.24715 -0.401733 0.186991 21.6538 3.65856 288.183 20.1498
n0.872_0.38 -230.371 5.84095 -0.298033 0.17488 26.9723 4.51219 278.699 24.1556
n0.872_0.57 -224.16 6.32532 -0.4878 0.227689 21.0368 3.99912 400.887 35.7906
n0.872_2.47 -224.267 2.47336 -0.4336 0.101515 19.7308 3.70082 187.95 17.6865
n0.872_2.66 -225.534 7.9409 -0.403667 0.253114 24.071 4.04235 318.529 17.0461
n0.872_2.85 -232.025 12.0095 -0.227 0.278215 13.573 3.17297 132.133 12.9498
n0.872_3.61 -225.316 0.627602 -0.520167 0.0540584 81.24 9.56409 1473.8 55.9328
n0.872_3.80 -222.326 1.19895 -0.5794 0.0444984 112.852 10.6381 1816.64 67.5783
n0.872_3.99 -221.979 0.697055 -0.577967 0.0284921 112.149 12.4744 1826.65 58.9378
n0.872_4.56 -226.393 8.37804 -0.434367 0.209435 22.4041 3.71109 355.631 21.5977
n0.959_0.44 -228.934 5.00247 -0.1466 0.19195 15.3911 3.07958 188.875 34.0551
n0.959_1.98 -224.722 3.16104 -0.417467 0.117122 42.1842 7.9626 881.014 45.6339
n0.959_3.52 -224.382 0.509736 -0.5181 0.0457011 91.4631 9.06249 1417.67 53.6539
n0.959_3.96 -223.578 0.714957 -0.462033 0.0410357 90.3402 10.7792 1788.25 68.7772
n0.959_5.94 -226.919 0.454496 -0.4255 0.0331474 435.375 24.8853 10593.9 184.832
n1.046_2.34 -221.074 1.33971 -0.609367 0.0516688 34.6926 5.98543 474.959 23.0868
n1.046_2.60 -221.648 4.33351 -0.3973 0.228989 21.4532 4.54376 299.427 16.1677
n1.046_2.86 -222.105 4.32402 -0.431567 0.155443 27.9837 6.06814 499.602 20.1439
n1.046_3.12 -223.468 5.42492 -0.5659 0.182985 45.3498 6.80677 875.749 46.7016
n1.046_3.38 -224.209 3.32122 -0.578933 0.11589 37.8439 7.29046 680.422 32.4681
n1.046_3.64 -223.601 1.02779 -0.492167 0.0617385 90.6167 12.0495 1568.17 46.7335
n1.046_3.90 -222.785 1.1925 -0.563067 0.0476067 75.3909 11.7971 1747.04 65.2482
n1.046_4.16 -227.078 5.3804 -0.332533 0.178409 23.8757 4.89449 396.797 35.7294
n1.046_4.42 -222.39 5.39966 -0.385867 0.229249 17.669 4.24167 185.554 11.0454
n1.046_4.68 -223.999 1.57681 -0.551133 0.0714422 36.0903 5.77112 507.965 27.8002
n1.046_4.94 -227.451 7.48654 -0.474033 0.309058 32.7344 6.22821 447.49 29.8352
n1.046_5.20 -236.112 4.49911 -0.164 0.251313 17.4505 3.92528 271.973 27.8645
n1.046_5.46 -224.496 8.20071 -0.284667 0.259244 10.8648 2.55475 143.411 13.5776
n1.046_5.72 -233.127 6.10905 -0.247033 0.241972 19.8309 3.74345 375.604 22.3411
n1.046_5.98 -226.836 0.454655 -0.423833 0.0343362 437.249 23.2146 10401.3 167.072
n1.133_0 -220.977 1.57201 -0.569867 0.116953 30.959 6.33898 777.963 76.3476
n1.133_0.31 -218.797 2.92644 -0.511 0.192208 54.2791 6.25306 1047.65 73.39
n1.133_0.62 -217.393 2.94322 -0.567067 0.135011 39.7999 5.17605 749.419 57.0406
n1.133_0.93 -220.511 2.95614 -0.5662 0.101858 39.9321 6.83318 776.759 38.0457
n1.133_1.24 -220.72 3.19584 -0.624967 0.100856 51.0208 8.33043 1218.05 57.8159
n1.133_1.55 -221.291 3.66605 -0.490667 0.177236 37.3007 6.21941 681.344 57.4844
n1.133_1.86 -220.923 3.25639 -0.493367 0.144245 37.3882 6.34053 496.953 38.3199
n1.133_2.17 -221.659 4.24957 -0.603 0.147865 31.419 5.85716 393.456 23.6329
n1.133_2.48 -220.656 8.24298 -0.318033 0.229017 17.523 4.12057 299.103 33.3098
n1.133_2.79 -221.794 1.61834 -0.6626 0.091663 33.9154 5.15484 602.616 23.6296
n1.133_3.10 -224.386 6.28432 -0.428933 0.180809 26.2157 5.39149 630.612 35.6185
n1.133_3.41 -222.394 4.43723 -0.483867 0.123576 36.2615 7.68313 635.306 32.477
n1.133_3.72 -222.643 5.90312 -0.428133 0.15477 52.4785 9.96507 1253.95 45.8646
n1.133_4.03 -223.183 6.64033 -0.5081 0.156448 26.9708 5.45547 456.398 28.2758
n1.133_4.34 -240.093 6.30123 -0.176567 0.171272 6.89468 0.92564 71.6689 5.1267
n1.133_4.65 -223.356 5.05073 -0.532667 0.206709 19.93 4.32099 332.345 21.0063
n1.133_4.96 -224.345 5.63157 -0.508267 0.224553 33.9624 7.01033 608.922 43.7621
n1.133_5.27 -228.863 5.81755 -0.5339 0.183717 23.9232 4.44712 602.94 43.7246
n1.133_5.58 -223.588 3.59316 -0.470833 0.133725 21.6032 4.1781 430.133 39.216
n1.133_5.89 -222.939 1.35226 -0.4968 0.0637419 36.1555 6.03278 573.916 54.0242
n1.221_0 -221.971 1.20785 -0.4993 0.0719637 40.4596 5.79459 777.208 82.6881
n1.221_0.39 -219.375 3.74537 -0.5891 0.164179 30.053 4.46838 623.732 50.584
n1.221_0.78 -223.717 2.71063 -0.4562 0.101861 28.2037 5.91818 471.046 21.7965
n1.221_1.17 -223.767 0.963844 -0.542933 0.0360591 70.8756 9.50299 1531.81 68.9746
n1.221_1.56 -222.264 2.3533 -0.4993 0.0884879 45.8006 6.84598 997.909 81.3791
n1.221_1.95 -222.074 0.764407 -0.410433 0.0478123 28.7873 6.12656 340.306 27.2994
n1.221_2.34 -224.88 11.5625 -0.3297 0.217623 16.4102 3.26966 374.994 22.3682
n1.221_2.73 -226.89 10.1016 -0.4025 0.289019 19.6122 3.69328 429.715 21.3166
n1.221_3.12 -221.903 8.91828 -0.5058 0.17388 19.1476 4.17992 323.532 28.5975
n1.221_3.51 -217.276 2.70289 -0.632667 0.0790562 33.1315 5.91728 470.281 22.1147
n1.221_3.90 -220.242 2.43731 -0.506733 0.0969972 22.0764 4.04237 239.992 18.6564
n1.221_4.29 -236.322 9.84539 -0.212767 0.2318 4.48084 0.695804 47.0489 8.28667
n1.221_4.68 -219.205 5.05646 -0.5063 0.180574 11.7954 2.38656 199.446 17.3639
n1.221_5.07 -226.762 5.91374 -0.329933 0.174666 19.5057 4.346 335.983 33.5708
n1.221_5.46 -220.162 0.974612 -0.647067 0.0397894 36.176 4.69823 559.059 38.7961
n1.221_5.85 -221.189 0.618551 -0.606833 0.0319213 45.1461 5.94241 718.672 46.4697
n1.308_0 -223.131 2.59442 -0.432333 0.124436 27.0086 3.74858 436.28 46.4608
n1.308_0.52 -225.195 7.72076 -0.4442 0.266105 12.5818 3.78566 182.358 26.9893
n1.308_1.04 -223.296 1.3055 -0.5145 0.0592009 41.0929 6.37811 730.874 32.5146
n1.308_1.56 -226.093 8.47214 -0.397 0.223525 27.0453 4.27638 767.369 68.296
n1.308_2.08 -218.419 4.54573 -0.587067 0.144867 41.0192 6.91749 611.297 28.7374
n1.308_2.60 -229.25 9.34684 -0.2675 0.272185 14.9469 2.56238 346.591 35.8298
n1.308_3.12 -220.853 0.804688 -0.4738 0.0324986 75.1003 7.07407 1118.87 47.4028
n1.308_3.64 -218.174 1.93055 -0.593767 0.0758596 33.6746 4.80724 360.336 23.798
n1.308_4.16 -222.457 2.46128 -0.381867 0.146876 7.90363 1.60737 41.397 2.93266
n1.308_4.68 -222.242 5.39123 -0.271433 0.198453 8.51952 2.16209 119.464 11.7931
n1.308_5.20 -223.732 6.04892 -0.427367 0.245936 9.31046 1.82641 95.0232 14.4345
n1.308_5.72 -220.78 2.85141 -0.546567 0.086668 26.7376 4.14987 352.926 25.2463
n1.395_0 -221.668 7.20035 -0.3367 0.224867 8.25173 1.68399 100.873 6.356
n1.395_0.78 -219.073 3.78992 -0.443 0.127434 21.7473 4.69736 348.22 26.7089
n1.395_1.56 -219.721 2.72355 -0.4809 0.142855 28.5452 5.5123 533.959 41.1361
n1.395_2.34 -221.393 4.13075 -0.519133 0.131764 36.1645 5.30748 472.953 37.5927
n1.395_3.12 -220.944 0.509189 -0.4649 0.0371724 96.069 8.1043 1508.29 58.5317
n1.395_3.90 -222.29 1.45258 -0.649833 0.134245 32.2237 3.53738 498.977 48.1611
n1.395_4.68 -225.655 2.44918 -0.460433 0.157209 7.9384 1.31472 130.82 16.7838
n1.395_5.46 -224.423 9.30141 -0.5073 0.233419 9.83399 1.53229 139.987 18.4879
n1.482_0 -227.105 11.5306 -0.401667 0.251009 8.11335 1.82732 75.5683 14.9983
n1.482_1.57 -230.336 7.57406 -0.391867 0.259364 13.3404 2.92675 192.889 23.1302
n1.482_3.14 -221.074 0.630307 -0.489133 0.0521905 39.4246 3.7291 677.257 66.5415
n1.482_4.71 -224.561 3.52314 -0.4377 0.138728 11.042 2.3722 122.533 21.32
n1.571_0 -226.023 12.1058 -0.2902 0.249641 8.58257 2.23413 61.0311 6.85129
