0.130_0 -145.515 1.19361 -0.419233 0.0511626 105.212 13.6928 2179.97 77.0152
0.130_0.14 -148.603 1.39257 -0.426033 0.0438581 76.2589 12.0209 1586.99 62.1426
0.130_0.28 -151.444 1.2638 -0.254767 0.0618472 44.0241 7.29294 733.426 47.7645
0.130_0.42 -154.644 2.91645 -0.204933 0.0934298 30.3088 4.57806 633.649 56.6674
0.130_0.56 -156.066 4.61081 -0.236333 0.202718 19.6066 3.20399 292.556 18.786
0.130_0.70 -148.963 1.0648 -0.3518 0.0498112 42.5463 7.11183 605.954 39.5388
0.130_0.84 -147.781 0.685293 -0.294733 0.0414503 108.354 9.4176 1824.12 83.461
0.130_0.98 -150.409 1.11401 -0.3991 0.0667457 74.5575 10.421 1823.32 81.139
0.130_1.12 -153.225 1.44037 -0.346133 0.0745572 63.6522 7.45991 1240.55 66.4449
0.130_1.26 -154.824 0.837033 -0.1765 0.0653102 74.6848 11.3027 1893.63 64.6501
0.130_1.40 -153.906 1.37485 -0.117767 0.0746155 76.8561 10.7219 1979.07 65.2228
0.130_1.54 -150.664 2.18962 -0.3615 0.100575 59.6417 9.67056 1427.06 63.5055
0.130_1.68 -151.49 2.50329 -0.398667 0.0866231 41.307 7.26298 750.751 35.3481
0.130_1.82 -151.978 1.29732 -0.2967 0.0559795 97.6952 10.9302 1773.51 83.0811
0.130_1.96 -151.319 0.756355 -0.298167 0.0331809 107.042 9.92028 1776.88 87.3535
0.130_2.10 -150.487 2.52151 -0.245967 0.148815 47.2769 8.70069 1041.96 72.9108
0.130_2.24 -151.865 2.21198 -0.0769 0.103486 37.1687 6.03001 628.452 45.7232
0.130_2.38 -154.015 1.32628 -0.315933 0.106017 59.9064 8.42846 1452.26 84.3821
0.130_2.52 -153.543 0.902208 -0.334133 0.0332463 93.7214 11.0847 1885.73 85.6658
0.130_2.66 -151.904 1.60545 -0.364067 0.0521088 107.128 11.3172 1624.62 41.6753
0.130_2.80 -153.271 2.61254 -0.3061 0.0841621 112.793 12.2186 1957.62 44.3842
0.130_2.94 -151.744 2.41752 -0.381367 0.0807469 45.0239 8.16429 1138.06 41.168
0.130_3.08 -155.878 0.703327 -0.2721 0.0468977 156.765 13.8857 2865.32 67.5154
0.130_3.22 -154.634 0.505008 -0.211033 0.0411444 241.137 18.6273 4362.47 88.0916
0.130_3.36 -153.271 0.447146 -0.2769 0.0308533 181.281 15.6435 3548.55 93.1186
0.130_3.50 -153.287 0.737895 -0.256633 0.0527958 151.724 13.3313 2569.66 111.203
0.130_3.64 -154.166 0.471014 -0.332267 0.0349809 156.993 15.075 3022.91 79.5884
0.130_3.78 -153.63 0.367378 -0.306267 0.0268116 336.771 23.3103 7103.13 102.389
0.130_3.92 -153.664 0.197602 -0.255433 0.0162361 922.885 38.5727 18413.3 169.173
0.130_4.06 -154.266 0.214553 -0.256833 0.0202395 584.406 27.2946 10637 128.591
0.130_4.20 -154 0.705077 -0.3514 0.0414878 110.235 11.6449 1872.47 76.7476
0.130_4.34 -152.629 0.649455 -0.382767 0.0510439 129.707 13.801 2688.28 95.7665
0.130_4.48 -153.359 0.641212 -0.246467 0.05957 151.973 14.6655 3250.21 92.0074
0.130_4.62 -151.997 1.33171 -0.3185 0.0881934 104.125 9.70899 2047.97 88.4134
0.130_4.76 -149.561 1.44646 -0.380867 0.0952515 122.968 9.81918 1977.87 80.4345
0.130_4.90 -152.634 5.21131 -0.233533 0.219113 158.094 13.8092 3658.94 89.1485
0.130_5.04 -150.722 3.51113 -0.334767 0.149997 73.0973 11.1329 1682.62 66.3587
0.130_5.18 -151.011 3.35274 -0.351133 0.128726 71.4752 10.61 1595.03 64.6067
0.130_5.32 -150.913 1.10922 -0.336033 0.0426872 141.518 12.8947 3207.8 102.099
0.130_5.46 -151.355 0.663633 -0.267567 0.0289761 224.354 17.1704 4550.04 117.428
0.130_5.60 -151.942 0.373143 -0.312933 0.0173646 264.509 19.1999 4769.37 104.59
0.130_5.74 -151.859 0.980319 -0.359767 0.0429932 159.539 15.0988 3615.56 92.9456
0.130_5.88 -150.826 0.689232 -0.397933 0.037477 145.414 13.9785 3253.03 115.362
0.130_6.02 -151.391 0.730054 -0.337933 0.0409047 140.381 12.3606 2628.63 85.9688
0.261_0 -147.822 2.0018 -0.4167 0.0615823 46.6766 6.78488 996.722 48.1751
0.261_0.15 -153.782 1.94508 -0.267867 0.0645785 93.9526 9.87399 1327.88 48.9658
0.261_0.30 -150.928 1.44031 -0.277433 0.0551351 118.648 9.86482 1832.47 77.2212
0.261_0.45 -152.939 0.674714 -0.218667 0.0325508 72.3681 7.18143 1164.08 61.0163
0.261_0.60 -154.87 1.33844 -0.181367 0.0756047 36.5746 5.42907 543.06 30.7344
0.261_0.75 -148.125 1.27369 -0.125633 0.0719606 37.7689 6.2728 597.5 46.6399
0.261_0.90 -147.346 0.79671 -0.1939 0.0804797 47.1582 6.97216 778.448 47.8091
0.261_1.05 -151.303 2.35035 -0.264333 0.136469 40.7981 7.27507 979.825 62.8462
0.261_1.20 -155.835 5.23059 -0.143433 0.13842 32.0609 6.4898 1087.2 60.5485
0.261_1.35 -155.748 0.701354 -0.141167 0.0618356 70.6287 7.92558 1436 65.3223
0.261_1.50 -156.959 3.14527 -0.113933 0.122093 27.805 4.92341 551.059 28.8364
0.261_1.65 -151.321 1.53568 -0.245033 0.0913597 40.2838 6.67943 746.921 40.3638
0.261_1.80 -153.079 0.983585 -0.315967 0.0340264 99.1033 9.66559 1342.75 61.6974
0.261_1.95 -152.954 2.17001 -0.281967 0.0764256 97.8727 10.6501 1736.77 86.6282
0.261_2.10 -149.715 1.81314 -0.336067 0.0657246 97.5608 12.9514 1786.6 64.0985
0.261_2.25 -151.488 0.370931 -0.2766 0.0164491 230.204 18.6073 4628.8 91.0929
0.261_2.40 -151.872 0.28743 -0.291467 0.0123928 292.148 18.8601 5603.38 112.2
0.261_2.55 -153.346 2.40392 -0.288767 0.0846972 143.253 14.6609 2690.99 61.4477
0.261_2.70 -154.079 1.43701 -0.331933 0.0450229 88.0071 9.68262 1430.5 41.713
0.261_2.85 -153.863 0.903141 -0.324633 0.0276393 66.8121 6.98668 1120.95 39.8134
0.261_3.00 -153.358 0.956014 -0.340233 0.0475199 88.5076 10.9024 1803.78 51.5676
0.261_3.15 -153.774 0.532768 -0.3226 0.0271914 125.45 13.4897 2273.42 63.8586
0.261_3.30 -154.669 1.00014 -0.229633 0.0653192 80.9083 10.8631 1692.06 53.1863
0.261_3.45 -155.305 1.20304 -0.2 0.0660757 103.858 11.8661 1614.13 58.8815
0.261_3.60 -154.18 0.422375 -0.343567 0.0290197 203.952 18.0918 3842.89 77.9933
0.261_3.75 -154.418 0.306357 -0.344267 0.0236628 384.901 24.2567 8105.4 130.005
0.261_3.90 -154.589 0.279605 -0.280333 0.016183 498.676 29.679 10642.7 111.336
0.261_4.05 -154.567 0.325491 -0.290367 0.0230897 374.441 24.2594 7593.36 96.7351
0.261_4.20 -153.005 0.504682 -0.335767 0.0340668 170.115 18.1787 3895.84 88.3652
0.261_4.35 -152.696 0.365765 -0.282533 0.0405691 216.663 18.804 4682.68 105.712
0.261_4.50 -154.35 0.592256 -0.203533 0.064066 154.954 13.5425 3217.04 93.6499
0.261_4.65 -153.219 0.632301 -0.2688 0.0440261 84.6767 10.3154 1627.85 84.9466
0.261_4.80 -153.669 1.18031 -0.1969 0.0699852 36.284 5.15238 478.07 39.0056
0.261_4.95 -152.102 1.45319 -0.2759 0.0769592 53.5856 9.68003 1333.83 50.3936
0.261_5.10 -150.265 1.01607 -0.371933 0.0671396 95.7774 12.2553 2057.88 57.0214
0.261_5.25 -150.832 0.812717 -0.337967 0.0437942 108.517 16.2481 2673.86 78.2572
0.261_5.40 -155.78 1.47081 -0.193133 0.0553225 179.516 15.6419 4171.65 88.1475
0.261_5.55 -153.075 1.66668 -0.276467 0.0604862 228.586 18.0688 5408.61 110.6
0.261_5.70 -152.815 1.04549 -0.297333 0.0405326 211.347 16.8433 4392.24 100.102
0.261_5.85 -150.931 1.06618 -0.2934 0.0459381 118.755 13.6998 2525.15 84.5029
0.392_0 -150.722 9.00918 -0.418533 0.0581101 42.2958 6.41939 1582.5 95.8682
0.392_0.17 -149.845 4.44259 -0.362867 0.124836 45.2248 8.11624 1704.14 95.9212
0.392_0.34 -145.906 2.49853 -0.4072 0.0815011 80.0431 9.44541 1686.57 60.8059
0.392_0.51 -151.544 1.53662 -0.286033 0.078771 63.5107 11.2201 2119.91 73.8599
0.392_0.68 -153.448 4.04301 -0.164533 0.129544 18.0546 3.89875 360.703 28.3234
0.392_0.85 -147.674 0.503726 -0.1036 0.0685748 54.0056 8.94249 861.275 48.0961
0.392_1.02 -151.835 1.62829 -0.201667 0.121608 43.9573 7.63081 913.068 47.6241
0.392_1.19 -155.4 5.69167 -0.282067 0.147143 25.432 5.79853 731.904 41.0219
0.392_1.36 -154.126 0.765326 -0.288433 0.0542157 50.6887 7.46338 773.935 49.6308
0.392_1.53 -153.253 2.4003 -0.192267 0.0824681 24.5852 4.21358 292.46 20.4505
0.392_1.70 -152.828 2.39086 -0.2002 0.0837788 32.0436 6.22559 517.419 33.8531
0.392_1.87 -153.279 1.1865 -0.3685 0.0524158 153.258 14.6856 2988.19 171.877
0.392_2.04 -152.817 2.10669 -0.3334 0.113085 158.867 14.9506 3944.79 194.753
0.392_2.21 -151.602 0.477453 -0.296767 0.0276046 225.9 19.0216 4908.45 111.228
0.392_2.38 -151.801 0.264698 -0.273133 0.0136595 314.101 20.939 6427.76 119.485
0.392_2.55 -152.449 1.20004 -0.289167 0.0434163 126.005 15.8709 3386.86 61.7861
0.392_2.72 -162.854 3.74 -0.0617 0.123368 58.9286 8.47252 1005.27 43.2303
0.392_2.89 -153.794 1.29352 -0.2053 0.0701425 109.292 14.2701 2307.81 56.8669
0.392_3.06 -154.297 0.331847 -0.266333 0.0283764 371.517 25.749 6633.24 92.7904
0.392_3.23 -154.972 0.464113 -0.2892 0.036115 260.81 22.6568 5014.59 70.0037
0.392_3.40 -154.582 0.331242 -0.223433 0.0211032 239.065 19.4717 4622.57 77.2478
0.392_3.57 -154.446 0.296345 -0.271667 0.0248574 661.193 32.6376 17568 225.472
0.392_3.74 -154.696 0.299691 -0.3328 0.0233501 722.342 31.3973 17923.8 244.297
0.392_3.91 -154.975 0.356732 -0.309233 0.0169198 325.229 23.1377 6576.63 96.2597
0.392_4.08 -154.808 0.679238 -0.253133 0.0307774 201.803 20.7606 4859.19 83.0367
0.392_4.25 -152.396 1.34683 -0.319367 0.0536551 168.29 16.8893 3458.76 89.4308
0.392_4.42 -152.071 0.779525 -0.268567 0.0423652 124.673 14.0187 2626.81 85.0186
0.392_4.59 -153.38 0.68503 -0.454733 0.0301904 80.9808 9.5383 1674.28 58.8571
0.392_4.76 -149.673 1.41948 -0.340967 0.0654304 66.6317 8.08988 1224.27 65.1095
0.392_4.93 -151.38 0.820081 -0.140267 0.0827208 64.8147 7.33826 1068.93 53.8767
0.392_5.10 -151.721 0.543684 -0.3185 0.0409888 100.192 12.5295 2107.62 64.5372
0.392_5.27 -153.491 0.500246 -0.286967 0.0315203 126.255 13.2007 2461.75 65.4425
0.392_5.44 -155.418 1.44291 -0.238067 0.0563808 154.379 13.0903 2863.28 106.94
0.392_5.61 -153.825 1.08483 -0.280567 0.0376104 189.257 12.4316 3851.22 108.463
0.392_5.78 -152.146 1.43414 -0.288367 0.0526745 236.454 17.2167 4595.75 76.5755
0.392_5.95 -150.844 1.64542 -0.2923 0.0705888 136.711 12.97 2429.07 66.9947
0.523_0 -145.925 2.78998 -0.441 0.0550545 61.0552 9.2781 2052.59 107.285
0.523_0.19 -148.301 3.05018 -0.406033 0.144368 51.7765 8.33195 1866.46 82.867
0.523_0.38 -147.382 4.20744 -0.4356 0.10449 50.5835 8.97228 1217.54 50.0614
0.523_0.57 -151.765 2.81055 -0.2879 0.105457 50.9453 6.1632 798.399 32.4427
0.523_0.76 -151.086 1.37138 -0.2408 0.0610172 57.1894 8.77753 1162.38 38.8393
0.523_0.95 -151.194 1.72708 -0.320567 0.0819464 61.601 8.74983 1168.03 42.5585
0.523_1.14 -154.463 1.72192 -0.2727 0.0837972 54.7155 7.75099 1028.56 41.2444
0.523_1.33 -152.59 0.556243 -0.2043 0.0957544 76.5968 10.2563 1048.14 58.2896
0.523_1.52 -149.96 1.34522 -0.2631 0.0631996 43.3647 8.25967 688.383 38.2223
0.523_1.71 -152.446 0.593818 -0.327133 0.0449464 83.6785 8.95259 1357.8 43.5517
0.523_1.90 -152.347 0.696343 -0.348933 0.0446878 198.6 17.1754 3767.19 178.274
0.523_2.09 -152.667 1.01164 -0.31 0.0527257 134.559 13.7169 2634.46 107.84
0.523_2.28 -152.2 0.516204 -0.3609 0.0320841 152.785 15.3448 3390.03 85.3308
0.523_2.47 -151.196 1.48432 -0.407667 0.0550505 109.573 15.2532 3176.88 73.7532
0.523_2.66 -152.411 1.71488 -0.398233 0.0639355 63.6243 11.1507 1626.27 56.7518
0.523_2.85 -152.691 0.635079 -0.2538 0.047539 311.6 22.5131 6639.34 86.604
0.523_3.04 -154.114 0.297104 -0.2608 0.0232471 925.02 37.888 18579.9 151.352
0.523_3.23 -154.804 0.276376 -0.266733 0.0235484 593.288 33.0422 13031.1 135.183
0.523_3.42 -153.884 0.235725 -0.268367 0.0203944 873.138 35.1229 20887.8 224.539
0.523_3.61 -153.77 0.214367 -0.2228 0.0208141 945.436 38.0087 24162.8 267.835
0.523_3.80 -154.196 0.473659 -0.3195 0.0358341 214.605 18.88 5420.14 99.7557
0.523_3.99 -154.548 0.668053 -0.343933 0.0307245 165.443 16.5525 3214.79 75.7181
0.523_4.18 -150.578 0.66418 -0.444133 0.0271535 230.394 19.2066 4255.57 79.5358
0.523_4.37 -152.732 0.745325 -0.288433 0.0417773 124.092 13.4854 2035.82 78.5443
0.523_4.56 -151.494 0.556864 -0.457933 0.0209411 82.5593 9.86255 1444.05 61.2884
0.523_4.75 -151.28 0.77103 -0.438133 0.0438587 86.7319 7.7621 1286.82 64.3812
0.523_4.94 -151.207 0.618773 -0.266 0.0372827 53.3982 5.74376 798.883 46.5285
0.523_5.13 -152.562 0.627984 -0.255267 0.03775 63.2102 8.69252 1017.18 58.2333
0.523_5.32 -154.055 0.558282 -0.321933 0.0314388 142.538 12.6139 2373.23 63.7655
0.523_5.51 -153.401 0.972625 -0.323933 0.0603158 78.2149 9.87884 1349.03 90.3173
0.523_5.70 -152.609 0.850446 -0.265 0.0480035 102.593 11.443 1978.36 58.6364
0.523_5.89 -150.034 1.34904 -0.312433 0.0613939 225.733 17.0592 4495.66 101.228
0.654_0 -152.033 3.69539 -0.267033 0.117126 57.6119 7.54123 1094.92 58.0547
0.654_0.22 -149.305 1.86713 -0.362767 0.084594 87.4047 9.77537 2292.67 90.1061
0.654_0.44 -149.363 2.49339 -0.3654 0.0883442 64.5491 8.21655 1935.47 125.626
0.654_0.66 -153.772 2.94768 -0.163367 0.0956169 34.5391 6.08781 597.032 29.1364
0.654_0.88 -151.807 1.8279 -0.341967 0.0722694 43.0788 7.6333 645.242 31.3471
0.654_1.10 -153.909 0.958363 -0.260467 0.0531995 57.3602 7.90426 1125.43 48.1936
0.654_1.32 -151.702 0.52038 -0.252967 0.0524906 137.035 15.9874 2327.27 74.405
0.654_1.54 -151.792 0.514174 -0.268967 0.0399458 149.197 16.5273 2456.64 53.5252
0.654_1.76 -153.144 0.536463 -0.2283 0.0616266 148.694 13.9123 2321.36 65.5087
0.654_1.98 -153.223 0.637434 -0.2642 0.0372016 141.352 17.5681 2545.46 70.3939
0.654_2.20 -152.316 0.478318 -0.3255 0.0317608 201.957 16.9498 3694.39 81.7297
0.654_2.42 -152.639 0.862546 -0.406633 0.0562382 138.814 15.6135 3924.28 94.4569
0.654_2.64 -153.736 0.569243 -0.293433 0.0355154 256.895 19.6446 5083.29 117.076
0.654_2.86 -153.551 0.305776 -0.254167 0.0246774 469.79 29.7089 10329.8 126.112
0.654_3.08 -153.616 0.201852 -0.2574 0.0178262 1134.45 43.829 22964.3 205.714
0.654_3.30 -154.009 0.206606 -0.301867 0.0219875 997.67 40.963 23871.1 223.397
0.654_3.52 -153.614 0.147806 -0.268433 0.0180927 1045.26 38.4654 21292 251.384
0.654_3.74 -154.025 0.4184 -0.3043 0.0462916 144.454 14.4403 2760.23 71.1677
0.654_3.96 -155.033 0.397436 -0.3466 0.0276871 153.423 15.0849 2185.51 56.127
0.654_4.18 -152.864 0.588589 -0.3367 0.0306438 233.191 19.0438 4314.89 73.6917
0.654_4.40 -152.332 0.941681 -0.293933 0.0541048 103.258 11.6445 1526.19 58.3259
0.654_4.62 -151.986 0.507678 -0.354333 0.0467036 62.2446 7.26906 845.248 48.4684
0.654_4.84 -154.288 1.32181 -0.300633 0.10922 50.5483 7.63659 776.379 52.4643
0.654_5.06 -156.526 0.831138 -0.211333 0.0441311 26.7887 4.50063 316.415 39.4709
0.654_5.28 -153.573 1.82723 -0.283767 0.0773926 71.3671 9.04191 1523.54 47.9312
0.654_5.50 -151.243 1.91678 -0.315 0.0904894 94.3573 11.322 2459.09 78.3322
0.654_5.72 -151.817 1.19707 -0.2213 0.0623515 84.317 10.7162 1338.47 45.0316
0.654_5.94 -149.789 3.36347 -0.2763 0.138945 133.524 14.7184 2799.04 94.6428
0.785_0 -150.211 2.33302 -0.408867 0.0829878 112.068 11.2154 2062.88 88.0892
0.785_0.26 -148.919 2.23001 -0.3648 0.0881402 309.185 15.912 6630.62 177.149
0.785_0.52 -148.886 1.44958 -0.3646 0.058745 245.511 15.4296 5201.05 158.704
0.785_0.78 -149.828 1.27238 -0.360167 0.0626336 40.1691 7.36021 801.661 42.3357
0.785_1.04 -152.208 4.73312 -0.3083 0.126654 25.3115 6.00987 874.737 52.5875
0.785_1.30 -152.538 2.88756 -0.294733 0.0989451 64.1716 9.86882 1318.71 42.252
0.785_1.56 -153.197 0.556889 -0.3635 0.0417862 141.968 12.7251 1736.84 47.1989
0.785_1.82 -154.031 0.623863 -0.4182 0.0402371 135.502 15.7078 2634.61 67.6451
0.785_2.08 -152.92 0.293258 -0.291467 0.0224852 273.527 18.1617 5423.21 116.709
0.785_2.34 -150.953 0.726745 -0.389267 0.0410235 352.073 23.7943 7314.54 129.26
0.785_2.60 -150.114 0.448902 -0.406867 0.0266167 537.991 32.3271 12295.9 171.309
0.785_2.86 -152.718 0.328375 -0.2846 0.022007 719.779 32.2534 13403 159.967
0.785_3.12 -152.665 0.162916 -0.3046 0.0165823 1191.77 45.8524 22918.5 203.546
0.785_3.38 -153.689 0.206444 -0.281167 0.0149099 841.223 35.2843 16633.4 186.939
0.785_3.64 -155.911 0.897763 -0.239833 0.0387768 173.199 17.4984 3363.27 92.5895
0.785_3.90 -155.576 0.63163 -0.3053 0.0437185 110.866 15.9632 2034.6 61.8299
0.785_4.16 -153.049 0.478712 -0.249267 0.0302037 136.525 11.7662 2129.4 64.0085
0.785_4.42 -151.089 1.89809 -0.3035 0.0648338 47.9333 6.98417 868.799 41.1713
0.785_4.68 -153.746 1.01844 -0.339033 0.0660025 94.2578 10.0988 1752.18 54.6814
0.785_4.94 -155.438 1.99598 -0.281 0.0933042 58.6824 9.22476 1134.74 47.5909
0.785_5.20 -152.875 1.03348 -0.301067 0.0382979 52.0555 7.62752 889.933 30.6454
0.785_5.46 -149.975 0.837431 -0.317967 0.0370576 249.507 19.4028 7189.06 112.274
0.785_5.72 -150.336 0.381724 -0.319 0.0245561 228.378 16.2657 4514.15 119.087
0.785_5.98 -147.733 2.50085 -0.383467 0.104978 70.8282 10.6074 1345.79 49.5567
0.915_0 -149.303 0.835159 -0.344567 0.0442796 108.672 11.4352 2333.31 122.37
0.915_0.31 -151.543 1.52028 -0.2588 0.0546775 366.416 18.1063 5443.33 150.677
0.915_0.62 -149.448 1.31378 -0.289733 0.0499513 364.088 21.9545 6665.08 133.122
0.915_0.93 -151.306 0.665327 -0.206833 0.035482 217.976 16.0605 3446.71 67.3615
0.915_1.24 -153.186 0.679691 -0.294633 0.0409056 132.671 12.3717 2090.6 69.5666
0.915_1.55 -153.581 1.06202 -0.3013 0.0925511 82.5208 11.4697 1578.45 49.7205
0.915_1.86 -154.827 1.75445 -0.331467 0.0877966 79.6831 9.60557 1498.98 50.4138
0.915_2.17 -153.136 0.428907 -0.2714 0.0247906 379.408 25.9755 10437.1 225.597
0.915_2.48 -152.197 0.391865 -0.321967 0.0251833 956.16 42.3933 25897.3 325.562
0.915_2.79 -151.142 0.364558 -0.311633 0.0208502 682.308 34.8205 14892.1 174.385
0.915_3.10 -151.708 0.217326 -0.269433 0.0177617 1171.91 46.5446 23612.2 215.699
0.915_3.41 -152.974 0.512191 -0.285667 0.027311 461.875 32.8153 10130.3 172.024
0.915_3.72 -155.49 0.928421 -0.226233 0.0421902 180.65 18.5671 4340.03 104.346
0.915_4.03 -155.905 0.844811 -0.1259 0.0527326 95.4847 11.6567 1929.18 68.3524
0.915_4.34 -154.214 1.27599 -0.0671 0.06737 83.2111 9.19034 1731.91 67.9368
0.915_4.65 -152.755 2.38801 -0.3039 0.0813695 100.943 10.1924 1763.23 61.5094
0.915_4.96 -154.286 2.30599 -0.247167 0.0773928 93.033 11.2512 1658.73 73.1367
0.915_5.27 -151.267 0.490805 -0.3451 0.0198609 111.996 12.2993 2112.81 78.4639
0.915_5.58 -150.392 0.313267 -0.3571 0.0213086 361.463 22.2852 8368.04 140.58
0.915_5.89 -150.376 0.56989 -0.249633 0.0501524 111.702 12.839 2343.67 75.9216
0_0 -149.367 0.86209 -0.282267 0.0326343 192.576 18.3617 3991.07 119.159
0_0.13 -147.835 4.44544 -0.2922 0.152 76.4599 11.6711 1875.14 76.7751
0_0.26 -151.978 5.76353 -0.175167 0.14036 27.9064 5.86397 635.542 49.7439
0_0.39 -150.34 2.43449 -0.234333 0.143185 34.587 6.8765 855.945 48.1715
0_0.52 -162.247 6.64419 -0.197733 0.205313 29.1592 6.85457 916.082 40.3222
0_0.65 -154.894 9.24811 -0.232333 0.195177 22.722 6.32476 976.47 55.2387
0_0.78 -148.085 0.599248 -0.349567 0.0362861 105.018 12.4462 2372.97 96.1538
0_0.91 -149.072 0.564356 -0.330133 0.0362268 110.616 12.6534 2811.29 108.511
0_1.04 -151.005 0.914553 -0.350867 0.0639806 73.7978 8.52163 1837.96 112.878
0_1.17 -151.413 0.647834 -0.366467 0.0344565 81.8801 11.2287 1693.71 61.8301
0_1.30 -150.623 0.79777 -0.347667 0.0484688 115.853 13.3866 2481.83 69.9686
0_1.43 -150.283 1.2322 -0.363133 0.0897027 122.657 14.3123 2624.82 82.8754
0_1.56 -149.379 0.884341 -0.436033 0.0444395 85.3537 11.1316 1571.39 66.4535
0_1.69 -151.442 1.52122 -0.2993 0.10858 44.6513 8.40188 889.686 47.0428
0_1.82 -151.564 1.58225 -0.294733 0.0674991 42.524 7.7263 980.889 51.6738
0_1.95 -151.7 1.22375 -0.234967 0.0763723 44.7697 6.91442 696.834 52.2252
0_2.08 -150.875 1.13424 -0.362267 0.108908 38.6888 7.09438 962.378 77.4421
0_2.21 -150.262 1.5236 -0.328767 0.11325 46.4639 8.70087 1322.34 86.2912
0_2.34 -151.986 0.760776 -0.341933 0.0577211 50.5619 8.1288 1480.03 100.623
0_2.47 -151.599 0.766115 -0.223533 0.0557475 53.2632 8.93915 1300.06 77.8569
0_2.60 -151.373 1.34453 -0.178 0.0932845 50.5084 7.95158 929.147 68.1323
0_2.73 -150.066 1.70835 -0.330833 0.0595229 102.937 10.5581 1690.91 75.8838
0_2.86 -153.774 1.87747 -0.271767 0.0676856 89.0874 11.2798 2038.28 88.3244
0_2.99 -154.725 1.02654 -0.290767 0.0503707 118.459 11.2234 2251.81 107.758
0_3.12 -154.934 0.506151 -0.220533 0.0300219 194.594 16.6925 3424.2 97.1572
0_3.25 -153.81 0.357594 -0.2939 0.02976 286.296 21.1575 5077.53 103.183
0_3.38 -153.628 0.329569 -0.271933 0.0332425 388.255 20.6934 7727.29 184.694
0_3.51 -152.99 0.280844 -0.2835 0.0257051 586.734 30.3164 13946.4 272.352
0_3.64 -153.052 0.316061 -0.308667 0.0226323 366.258 23.9837 9001.49 161.412
0_3.77 -152.812 0.340572 -0.302567 0.0243778 403.955 24.0757 7479.48 113.857
0_3.90 -152.834 0.201961 -0.2914 0.0163679 1015.83 42.8707 19577.5 161.892
0_4.03 -153.477 0.188474 -0.266433 0.0151574 930.429 35.3469 17800.8 158.015
0_4.16 -153.74 0.615413 -0.310233 0.0299023 257.577 16.7036 5411.22 111.204
0_4.29 -153.1 0.677323 -0.352233 0.0307985 129.468 11.4393 2707.1 93.6034
0_4.42 -153.134 0.717898 -0.251333 0.0543834 103.848 11.2712 2198.61 75.7256
0_4.55 -152.098 0.645363 -0.255767 0.0455764 99.3593 12.1816 2237.79 58.0274
0_4.68 -151.609 0.751696 -0.231167 0.0619379 117.992 13.2025 2572.11 68.9036
0_4.81 -151 1.0052 -0.2582 0.0516368 180.414 17.2045 4262.49 114.063
0_4.94 -150.173 0.473765 -0.329367 0.0315203 235.009 18.9886 5331.84 119.732
0_5.07 -153.114 1.08094 -0.461667 0.0143256 90.1131 8.71878 1368.69 40.836
0_5.20 -152.287 0.960208 -0.441067 0.0338437 86.057 14.1865 2426.33 70.3921
0_5.33 -154.253 0.387502 -0.2873 0.0209151 239.548 17.8579 6153.23 174.001
0_5.46 -152.647 0.412019 -0.2626 0.0169127 425.152 19.5947 7215.27 127.75
0_5.59 -151.789 0.285432 -0.306833 0.0120404 517.794 25.3085 8941.31 129.434
0_5.72 -152.619 0.442372 -0.304033 0.0211266 346.113 20.254 6138.35 103.786
0_5.85 -152.081 0.635578 -0.313633 0.0398606 377.221 20.963 7912.32 192.701
0_5.98 -151.614 0.406564 -0.293533 0.0310126 254.898 17.1056 6331.58 163.959
0_6.11 -151.695 0.737207 -0.256267 0.0473659 130.367 13.8157 2912.74 99.3658
1.046_0 -150.033 0.671532 -0.2871 0.0505575 152.695 14.9952 3340.21 144.951
1.046_0.39 -151.139 0.691939 -0.258067 0.0262957 216.237 16.7305 3530.32 66.9283
1.046_0.78 -151.967 1.2142 -0.169933 0.0492828 345.941 20.2894 5718.98 79.2445
1.046_1.17 -151.948 0.416049 -0.228833 0.024433 407.523 24.0421 7658.86 152.102
1.046_1.56 -151.915 0.930416 -0.187833 0.0567066 195.073 17.715 4330.11 128.326
1.046_1.95 -150.563 1.21658 -0.318933 0.0684227 108.204 12.9164 2449.31 66.4087
1.046_2.34 -152.979 0.314131 -0.2007 0.0329966 906.126 37.1094 22489.7 346.403
1.046_2.73 -151.457 0.373788 -0.309133 0.0379251 545.701 31.5643 13137 184.117
1.046_3.12 -150.82 0.251886 -0.22 0.0181108 692.307 34.0327 14551.4 173.089
1.046_3.51 -153.033 0.571139 -0.279167 0.0326849 298.485 22.5791 6391.59 143.418
1.046_3.90 -153.891 0.875469 -0.210367 0.0532146 124.46 13.7318 2718.65 91.3731
1.046_4.29 -153.29 0.47697 -0.124267 0.0603208 136.385 13.9266 2622.55 84.5074
1.046_4.68 -153.989 0.842286 -0.254833 0.0343362 111.308 11.128 1866.67 91.6509
1.046_5.07 -150.943 0.485581 -0.350233 0.0182249 104.633 12.4664 1702.63 77.1652
1.046_5.46 -151.051 0.338771 -0.317633 0.022564 242.522 18.7977 4165.88 123.545
1.046_5.85 -149.855 0.466485 -0.301167 0.0364916 145.719 13.5187 2469.63 91.8412
1.177_0 -149.969 0.497546 -0.286467 0.0704267 146.327 14.4985 3195.63 125.253
1.177_0.52 -150.999 0.543691 -0.278367 0.0349847 180.057 13.9511 3170.49 85.8223
1.177_1.04 -151.425 0.500341 -0.258033 0.0307365 370.042 22.7493 7835.55 137.925
1.177_1.56 -152.681 0.831949 -0.1828 0.0513085 385.181 22.1458 7817.23 132.537
1.177_2.08 -150.991 0.474643 -0.3421 0.0397499 232.585 17.6767 4272.38 83.9141
1.177_2.60 -152.509 0.295667 -0.247267 0.0195958 386.251 28.9957 7647.34 105.455
1.177_3.12 -152.093 0.383869 -0.321033 0.0270961 349.385 26.3136 8604.87 161.232
1.177_3.64 -152.309 0.392926 -0.294233 0.0252642 224.235 18.9407 3950.23 113.414
1.177_4.16 -152.574 0.428223 -0.252867 0.0445726 138.598 14.665 2446.25 79.0587
1.177_4.68 -152.704 0.278484 -0.2881 0.0200713 193.945 14.7278 3331.24 98.0815
1.177_5.20 -151.538 0.475769 -0.2819 0.0329736 102.395 15.0437 2608.26 87.3311
1.177_5.72 -151.399 0.301495 -0.2575 0.0265973 225.422 15.3209 3333.32 115.143
1.308_0 -150.307 0.678397 -0.332633 0.0445997 252.958 20.7131 4755.35 126.723
1.308_0.78 -150.582 0.401701 -0.261933 0.0357173 214.383 19.8472 4054.78 94.4323
1.308_1.56 -150.606 0.676583 -0.3447 0.0459766 293.142 23.0124 6461.73 103.949
1.308_2.34 -152.927 0.46666 -0.260933 0.0324232 166.997 15.0637 2932.37 67.2722
1.308_3.12 -151.874 0.638207 -0.302733 0.0403451 173.545 17.6702 4544.4 133.206
1.308_3.90 -149.474 0.667038 -0.257867 0.136752 125.861 12.5159 1874.84 46.9146
1.308_4.68 -152.458 0.292294 -0.245133 0.0186739 181.913 14.8234 2973.52 88.2688
1.308_5.46 -151.332 0.46374 -0.2895 0.037382 237.359 17.3466 4162.69 99.7025
1.439_0 -151.262 1.71088 -0.326733 0.0864515 261.581 20.8855 6828.06 120.303
1.439_1.57 -151.145 0.73766 -0.2935 0.0402999 284.113 26.1276 8850.36 214.09
1.439_3.14 -151.729 0.808739 -0.2535 0.0399093 172.544 16.8804 3493.06 85.993
1.439_4.71 -151.975 0.524205 -0.344 0.045218 169.714 15.1953 3277.02 83.2552
1.571_0 -154.001 0.524658 -0.327967 0.0320302 251.508 22.6967 6784.67 160.162
n0.130_0 -152.018 0.607242 -0.208967 0.0240624 193.023 15.4331 3757.95 94.9336
n0.130_0.14 -149.3 1.75699 -0.265467 0.0534027 89.3113 12.2286 1793.22 74.25
n0.130_0.28 -150.308 1.7548 -0.304067 0.109319 41.4676 6.97817 704.166 40.7792
n0.130_0.42 -153.327 2.06289 -0.238833 0.0994198 61.5668 8.93702 1257.33 50.8074
n0.130_0.56 -155.305 5.67259 -0.0845333 0.147692 35.5647 9.32869 1384.96 45.8639
n0.130_0.70 -149.417 2.00728 -0.281033 0.169582 55.6427 12.9852 2710.32 105.75
n0.130_0.84 -150.076 0.747111 -0.421167 0.0354538 75.5765 10.4929 2307.79 89.6633
n0.130_0.98 -152.996 1.65777 -0.272633 0.0731104 64.0885 9.05653 1819.01 103.628
n0.130_1.12 -150.612 2.07792 -0.350567 0.0871773 155.881 12.8261 2961.45 114.277
n0.130_1.26 -149.156 1.00551 -0.3822 0.0432985 151.56 14.8176 2770.46 66.5319
n0.130_1.40 -149.68 1.00193 -0.371167 0.052131 119.795 13.9349 2338.01 55.0983
n0.130_1.54 -149.885 0.522077 -0.365167 0.0415729 135.902 13.8901 1833.78 49.6175
n0.130_1.68 -152.304 0.90566 -0.2736 0.0961588 90.7941 12.177 1638.2 58.011
n0.130_1.82 -152.2 1.40498 -0.234967 0.115259 79.0596 10.8306 1692.79 48.6629
n0.130_1.96 -148.929 1.75494 -0.258567 0.069182 43.1238 7.41901 987.62 40.8027
n0.130_2.10 -150.566 1.2828 -0.301533 0.0690501 79.6656 9.62517 2314.68 85.2192
n0.130_2.24 -150.451 0.665506 -0.279233 0.0358647 101.179 10.7289 2759.36 131.409
n0.130_2.38 -150.434 0.672285 -0.3221 0.0452481 75.6783 9.24283 1541.25 103.953
n0.130_2.52 -149.648 1.42001 -0.354967 0.0839329 40.7368 6.14346 621.976 35.9078
n0.130_2.66 -147.994 2.31064 -0.3091 0.122623 55.653 8.66682 1177.47 67.0454
n0.130_2.80 -150.903 1.10021 -0.254433 0.0650498 104.071 13.9387 2962.59 102.059
n0.130_2.94 -155.255 0.562321 -0.2632 0.0362955 198.242 16.1833 4809.2 161.169
n0.130_3.08 -156.585 0.518939 -0.213767 0.0277299 256.528 17.2183 4783.19 185.027
n0.130_3.22 -153.955 1.02216 -0.298733 0.0443951 147.638 13.6204 2440.23 88.0588
n0.130_3.36 -153.759 0.289044 -0.2723 0.0460157 461.501 24.1654 9725.57 242.86
n0.130_3.50 -153.35 0.141539 -0.2772 0.0233758 1711.57 50.1092 38359.6 395.743
n0.130_3.64 -153.165 0.136412 -0.2849 0.0186062 1730.1 52.7584 38848 366.661
n0.130_3.78 -152.532 0.309908 -0.334 0.0251926 708.099 33.7384 15119 251.712
n0.130_3.92 -152.607 0.296686 -0.3173 0.0238909 517.862 33.3844 11634.8 177.058
n0.130_4.06 -152.797 0.274513 -0.280567 0.0160794 524.467 28.8013 9969.42 129.573
n0.130_4.20 -152.533 0.64354 -0.298267 0.0348013 238.833 16.3376 4896.25 92.681
n0.130_4.34 -154.101 1.02051 -0.354833 0.0464289 123.424 10.1439 2648.49 77.6218
n0.130_4.48 -152.039 1.91286 -0.280333 0.104067 144.092 13.3941 3729.21 95.5493
n0.130_4.62 -149.915 1.23302 -0.1961 0.0789256 140.073 15.6812 3945.2 101.591
n0.130_4.76 -151.921 0.468749 -0.267767 0.0611349 338.831 25.0991 7306.41 151.924
n0.130_4.90 -151.305 0.325431 -0.167467 0.0420474 700.124 33.6044 14930.3 193.963
n0.130_5.04 -150.076 0.368657 -0.270933 0.0356173 346.872 23.6972 7276.38 124.356
n0.130_5.18 -153.537 1.06439 -0.231367 0.06425 183.809 18.6875 6420.76 150.117
n0.130_5.32 -154.676 0.278642 -0.236367 0.0123585 491.332 26.4832 11422.8 146.687
n0.130_5.46 -152.946 0.203997 -0.2849 0.00931969 1030.65 34.589 19996.3 219.676
n0.130_5.60 -151.976 0.188698 -0.323433 0.0114897 865.676 27.9262 14594.5 179.721
n0.130_5.74 -151.834 0.284331 -0.336867 0.0179754 525.414 20.3323 8278.31 154.637
n0.130_5.88 -152.864 0.538498 -0.229433 0.051783 410.328 22.7285 7652.17 180.583
n0.130_6.02 -151.21 0.786872 -0.367767 0.0361867 123.654 12.4216 2567.02 108.017
n0.261_0 -151.646 1.33689 -0.266567 0.0631064 53.9076 7.77983 839.427 44.4391
n0.261_0.15 -148.059 5.29869 -0.286833 0.139239 22.0085 4.64252 394.252 25.5038
n0.261_0.30 -151.334 3.5621 -0.310633 0.122761 52.0859 6.1418 683.002 30.6711
n0.261_0.45 -152.277 1.57616 -0.3079 0.0665867 80.3271 9.42995 1341.13 53.3834
n0.261_0.60 -152.504 0.723754 -0.243867 0.0835941 61.9767 8.00441 1527.82 67.4506
n0.261_0.75 -155.201 1.00812 -0.263133 0.105274 101.856 10.6193 2513.43 81.3512
n0.261_0.90 -152.892 1.22404 -0.277667 0.0608432 114.095 12.0036 2270.3 83.1221
n0.261_1.05 -151.744 1.26018 -0.313633 0.0573893 214.369 18.8114 4788.66 117.271
n0.261_1.20 -152.471 1.42835 -0.292333 0.0690016 233.078 17.1147 4783.32 117.787
n0.261_1.35 -152.074 0.801825 -0.261467 0.0444925 108.931 13.4184 2352.66 70.0597
n0.261_1.50 -151.048 0.443355 -0.307133 0.029724 124.195 14.6922 1931.24 52.8362
n0.261_1.65 -152.272 0.624821 -0.285667 0.069732 137.273 13.7921 2192.32 64.9012
n0.261_1.80 -152.427 1.09089 -0.251567 0.122024 90.3665 9.86339 1797.67 60.5445
n0.261_1.95 -150.226 0.918281 -0.349033 0.0896121 72.6394 10.2699 1663.06 50.3339
n0.261_2.10 -152.656 1.16836 -0.347 0.0736636 65.8651 9.73444 1979.83 76.515
n0.261_2.25 -152.829 1.00349 -0.3126 0.0434362 68.6526 7.80584 1698.01 86.9781
n0.261_2.40 -151.134 1.10489 -0.4342 0.0685611 37.7012 7.01984 961.449 56.7176
n0.261_2.55 -150.683 2.31938 -0.2612 0.105913 52.5329 8.5544 1262.25 61.6457
n0.261_2.70 -151.931 0.863708 -0.234267 0.0632555 85.0131 11.8452 2391.3 88.2104
n0.261_2.85 -152.09 0.915573 -0.281367 0.0876436 118.196 11.9853 2804.55 97.3732
n0.261_3.00 -155.799 0.968812 -0.205667 0.0542638 147.803 16.6795 3942.4 152.137
n0.261_3.15 -154.707 1.19668 -0.212433 0.053403 153.442 16.3094 3519.47 82.823
n0.261_3.30 -156.98 1.56285 -0.194267 0.0584117 168.704 13.3302 2984.1 77.0993
n0.261_3.45 -154.392 0.233732 -0.3179 0.0208276 762.728 29.6934 14637.6 241.513
n0.261_3.60 -153.669 0.130149 -0.321433 0.0245984 1850.42 56.4066 37757.4 349.518
n0.261_3.75 -153.586 0.230516 -0.286167 0.0246774 1183.27 46.368 28712.6 287.529
n0.261_3.90 -152.138 0.360228 -0.337533 0.0246614 785.292 34.553 19959.8 279.243
n0.261_4.05 -152.655 0.705083 -0.299667 0.0345913 310.183 22.0306 6966.72 153.775
n0.261_4.20 -153.183 0.511023 -0.319833 0.0355102 105.161 12.3229 2762.02 95.647
n0.261_4.35 -153.971 0.683866 -0.333867 0.0349187 55.915 7.09111 1006.76 34.6815
n0.261_4.50 -151.114 2.21985 -0.213933 0.105068 56.0413 8.55139 1162.83 54.7076
n0.261_4.65 -152.27 1.05895 -0.345 0.0786999 135.666 16.1364 3528.11 68.1425
n0.261_4.80 -151.361 0.513277 -0.3153 0.100073 828.754 35.4082 17498.8 215.165
n0.261_4.95 -151.004 0.342224 -0.1795 0.0471955 959.421 34.0565 20432.5 230.068
n0.261_5.10 -152.744 0.483384 -0.196533 0.0333204 190.212 18.602 4933.31 104.056
n0.261_5.25 -154.812 0.540322 -0.1956 0.0263333 200.232 16.8231 4692.53 99.1925
n0.261_5.40 -153.091 0.359694 -0.284233 0.0167216 621.351 26.2959 13017 181.349
n0.261_5.55 -152.319 0.235852 -0.3355 0.0131941 799.969 25.0021 14346.6 182.972
n0.261_5.70 -151.835 0.399677 -0.321067 0.0276296 400.05 20.4375 7102.07 174.874
n0.261_5.85 -151.824 0.545733 -0.233033 0.0270813 152.543 13.0622 2483.61 80.9825
n0.392_0 -160.218 10.0867 -0.206667 0.160712 13.4825 3.39383 262.046 17.3753
n0.392_0.17 -149.992 1.35574 -0.0505333 0.0758023 29.2264 4.00827 412.961 30.926
n0.392_0.34 -149.244 1.24558 -0.3856 0.0538279 39.555 6.53914 660.806 40.7893
n0.392_0.51 -149.469 0.917143 -0.426133 0.0553785 70.3432 9.93768 1198.99 45.03
n0.392_0.68 -157.215 1.79006 -0.0476333 0.0744253 81.4529 10.114 1422.19 42.8249
n0.392_0.85 -154.614 2.49934 -0.1919 0.119724 142.857 12.8142 2496.5 64.6312
n0.392_1.02 -151.393 0.828926 -0.3029 0.0498844 217.938 16.2278 3729.59 88.816
n0.392_1.19 -152.971 1.55588 -0.252633 0.0766842 131.89 15.5246 3505.02 105.06
n0.392_1.36 -152.47 0.727896 -0.302167 0.0765091 107.916 12.7702 2196.58 67.5422
n0.392_1.53 -152.061 0.582442 -0.290833 0.0494399 111.751 14.1296 1943.46 53.6752
n0.392_1.70 -152.273 0.675837 -0.3005 0.0811177 117.175 12.6849 1933.44 57.4327
n0.392_1.87 -152.081 1.25019 -0.335333 0.069197 45.4705 8.29587 921.292 40.4021
n0.392_2.04 -152.48 0.974245 -0.3937 0.0619589 42.961 8.35028 1076.51 48.628
n0.392_2.21 -154.622 2.27517 -0.243567 0.128505 33.1753 6.76868 771.227 45.5775
n0.392_2.38 -153.561 0.806709 -0.4308 0.0391292 62.8304 8.96279 1175.94 52.1039
n0.392_2.55 -153.237 0.639321 -0.270567 0.0603977 101.326 13.6904 2797.03 72.4837
n0.392_2.72 -153.141 0.425392 -0.244167 0.0407223 134.076 13.7765 3099.48 70.0296
n0.392_2.89 -153.118 0.818174 -0.412933 0.0634155 46.0604 9.02555 797.163 34.54
n0.392_3.06 -151.245 2.96389 -0.229433 0.0987462 105.314 11.5568 2740.8 54.1923
n0.392_3.23 -153.199 4.28015 -0.318567 0.142535 151.854 15.7733 4151.99 73.9792
n0.392_3.40 -157.112 1.95167 -0.204133 0.0685807 174.362 13.5829 2962.87 77.994
n0.392_3.57 -150.748 0.771425 -0.412233 0.0276504 301.81 18.1515 4373.34 84.1689
n0.392_3.74 -154.39 0.383832 -0.232433 0.0492397 451.719 36.1902 12022 184.029
n0.392_3.91 -153.177 0.428353 -0.3132 0.0332169 567.95 33.9827 15160.8 231.866
n0.392_4.08 -154.557 0.455536 -0.246567 0.0243942 270.481 19.5024 6057.52 140.67
n0.392_4.25 -154.794 2.1563 -0.263933 0.0921195 54.8688 9.64306 1839.93 66.547
n0.392_4.42 -154.227 2.5428 -0.3528 0.120758 26.3982 4.4904 409.785 37.4075
n0.392_4.59 -155.487 3.73818 -0.2034 0.16715 18.6947 4.10849 378.091 40.2344
n0.392_4.76 -151.126 0.491163 -0.4283 0.0960061 302.449 20.4654 7585.71 176.684
n0.392_4.93 -151.08 0.359601 -0.3015 0.0752867 435.844 21.137 9419.78 152.305
n0.392_5.10 -152.364 1.28082 -0.153533 0.0619929 87.1841 11.3252 2400.74 94.8694
n0.392_5.27 -152.318 3.4613 -0.257767 0.161097 73.5662 9.68099 1920.49 68.4587
n0.392_5.44 -153.109 0.932069 -0.2683 0.0451351 148.382 13.5785 3861.99 101.425
n0.392_5.61 -152.689 0.740571 -0.282567 0.0335303 151.537 12.1711 2702.49 72.7726
n0.392_5.78 -152.069 0.53987 -0.2562 0.0237871 130.66 12.6143 2536.68 80.704
n0.392_5.95 -150.438 1.80213 -0.360833 0.0590054 127.854 11.3797 2448.03 72.2547
n0.523_0 -154.613 4.20038 -0.233067 0.129192 33.7321 7.94785 798.579 42.3867
n0.523_0.19 -149.789 2.95652 -0.267267 0.0809403 27.0414 4.92641 462.515 34.4008
n0.523_0.38 -150.487 2.68732 -0.1703 0.105375 39.6788 6.84053 609.009 31.0439
n0.523_0.57 -147.72 1.60447 -0.443433 0.0573528 68.4843 11.3347 1433.71 50.935
n0.523_0.76 -150.741 1.21223 -0.3517 0.0509088 84.312 9.23267 1543.52 69.5691
n0.523_0.95 -149.918 0.913387 -0.426433 0.0497703 97.4221 10.0148 1500.63 66.4444
n0.523_1.14 -149.691 1.75838 -0.3801 0.0792535 91.0387 14.3622 2090.89 67.607
n0.523_1.33 -153.748 1.66083 -0.360367 0.0865359 77.6129 12.9443 2071.18 60.4703
n0.523_1.52 -151.69 0.385962 -0.3425 0.0306608 120.463 13.628 2486.26 88.8169
n0.523_1.71 -151.035 0.699053 -0.363567 0.0490864 134.565 14.5298 2404.7 62.4333
n0.523_1.90 -152.092 1.8702 -0.360567 0.0755549 70.4927 10.6349 1623.12 49.735
n0.523_2.09 -150.729 1.39518 -0.2946 0.0704815 49.6885 8.74236 929.254 32.2745
n0.523_2.28 -153.787 4.16402 -0.3178 0.134128 26.6597 4.97861 540.359 33.653
n0.523_2.47 -153.111 0.878676 -0.306 0.078175 59.2948 8.05711 890.561 38.3344
n0.523_2.66 -153.618 0.657138 -0.167267 0.06193 84.6327 9.87936 1888.41 52.8217
n0.523_2.85 -153.455 1.01817 -0.2032 0.0649874 35.4473 6.12101 688.174 25.6892
n0.523_3.04 -152.197 6.56104 -0.274433 0.162518 17.8821 4.27373 276.738 21.2991
n0.523_3.23 -151.25 2.05828 -0.412167 0.0589772 115.387 11.6572 2108.38 62.4681
n0.523_3.42 -151.678 2.12937 -0.362833 0.0649433 148.044 13.4557 2497.49 73.9943
n0.523_3.61 -149.375 2.05492 -0.446367 0.0563211 137.777 14.0746 3404.34 96.3128
n0.523_3.80 -154.066 0.572061 -0.2928 0.0264933 205.978 17.7678 3921.15 92.3438
n0.523_3.99 -153.49 0.514491 -0.275867 0.0500251 161.84 17.2866 3694.39 102.3
n0.523_4.18 -154.524 2.0472 -0.1898 0.0989058 44.3997 7.42827 1538.58 72.8738
n0.523_4.37 -153.996 0.741768 -0.378333 0.0938717 24.1556 3.67066 367.717 31.5531
n0.523_4.56 -152.553 2.33093 -0.431567 0.0622073 14.7617 4.13502 213.399 27.1526
n0.523_4.75 -158.134 4.67207 -0.2973 0.118831 9.30941 2.63053 116.717 10.7325
n0.523_4.94 -155.428 2.49426 -0.248767 0.0988548 25.4622 4.59086 304.955 20.0042
n0.523_5.13 -157.633 3.65924 -0.230833 0.0727437 10.503 2.29499 96.9085 10.713
n0.523_5.32 -155.905 8.01028 -0.317033 0.100475 14.2146 3.23803 260.397 31.6254
n0.523_5.51 -149.621 0.943995 -0.406233 0.0840754 53.3706 8.79625 1055.48 52.7396
n0.523_5.70 -152.042 0.853911 -0.264567 0.0555459 105.857 11.5266 1845.47 60.2273
n0.523_5.89 -150.112 1.29757 -0.395 0.0455009 91.6399 11.1432 2005.55 67.9535
n0.654_0 -156.624 2.62708 -0.1946 0.131097 38.404 9.31348 766.124 32.6351
n0.654_0.22 -157.124 7.34074 -0.246233 0.202101 20.7214 4.57493 333.242 23.0224
n0.654_0.44 -149.606 4.1066 -0.358233 0.13752 63.9736 10.2089 1305 49.8037
n0.654_0.66 -150.731 2.82006 -0.351567 0.0968215 117.435 12.3895 2073.76 69.6475
n0.654_0.88 -152.971 1.24218 -0.232433 0.0496039 72.9931 10.2901 1290.28 72.313
n0.654_1.10 -148.793 1.94393 -0.384333 0.0713995 63.6103 9.82075 1411.51 41.4203
n0.654_1.32 -152.326 2.06187 -0.296833 0.0849292 68.1479 8.59117 1576.23 51.7046
n0.654_1.54 -152.37 1.29178 -0.2993 0.0599131 104.947 11.5426 1844.28 86.6316
n0.654_1.76 -151.891 0.933299 -0.3072 0.0442315 111.418 13.5357 2310.43 66.9511
n0.654_1.98 -152.023 0.703933 -0.251133 0.0443221 93.4254 11.1933 1716.22 56.5245
n0.654_2.20 -151.542 1.25869 -0.2253 0.0462815 42.3203 7.27955 556.075 28.5959
n0.654_2.42 -152.452 8.54494 -0.267333 0.129105 17.1709 4.25007 320.824 23.3429
n0.654_2.64 -150.666 6.37353 -0.3063 0.170424 14.138 4.85283 303.869 20.0791
n0.654_2.86 -156.581 4.43808 -0.166867 0.142823 30.1923 5.70277 522.998 23.0152
n0.654_3.08 -154.4 3.95881 -0.288967 0.111891 33.6195 7.26983 502.955 16.7557
n0.654_3.30 -153.675 1.50323 -0.3139 0.0469289 66.5675 6.93198 996.277 45.1521
n0.654_3.52 -156.085 1.48683 -0.2482 0.0482669 135.031 12.5517 2884.52 84.8245
n0.654_3.74 -152.931 1.4362 -0.339733 0.0507523 263.635 16.7964 4978.83 105.188
n0.654_3.96 -152.973 0.843112 -0.289067 0.0291718 143.006 14.2905 3071.3 89.898
n0.654_4.18 -155.774 2.02687 -0.233067 0.108777 56.9797 8.65578 1554.31 67.8536
n0.654_4.40 -155.402 0.715843 -0.210733 0.114854 49.1235 7.52078 773.612 42.6256
n0.654_4.62 -154.613 4.14956 -0.305333 0.131137 20.7127 4.86571 545.207 30.7312
n0.654_4.84 -156.204 2.03773 -0.257233 0.0674973 28.4391 6.03721 399.447 21.2037
n0.654_5.06 -156.269 5.23424 -0.355433 0.102028 8.28304 1.51692 95.1904 9.31875
n0.654_5.28 -154.956 2.4866 -0.405 0.0774015 26.4649 5.19981 413.102 29.0477
n0.654_5.50 -150.053 0.523093 -0.349033 0.0193993 88.0906 8.78462 1254.36 43.8672
n0.654_5.72 -150.793 0.518407 -0.350933 0.0276634 103.123 11.6747 1619.81 53.31
n0.654_5.94 -152.561 1.51051 -0.246067 0.071347 40.0896 7.68235 774.262 33.2414
n0.785_0 -156.376 1.45226 -0.341 0.073437 40.3427 7.6362 881.228 46.5349
n0.785_0.26 -156.084 2.4949 -0.260933 0.0706677 35.1696 6.35874 665.493 34.7115
n0.785_0.52 -149.702 2.62088 -0.4189 0.0846069 68.457 8.7143 1094.01 55.4009
n0.785_0.78 -150.325 1.87587 -0.255733 0.0656785 68.3735 10.3191 1332.79 62.2834
n0.785_1.04 -150.476 1.71745 -0.2946 0.0779122 70.4039 10.1869 1476.87 61.832
n0.785_1.30 -151.985 1.62247 -0.271867 0.0795411 48.4759 7.30748 719.408 26.0145
n0.785_1.56 -152.051 1.18871 -0.331133 0.0546179 73.1046 9.99124 1265.94 44.4062
n0.785_1.82 -152.846 0.618453 -0.302933 0.0404252 107.602 12.4502 2588.61 80.2356
n0.785_2.08 -152.555 1.66704 -0.2243 0.0646084 62.6922 6.92101 805.419 31.88
n0.785_2.34 -151.256 2.7257 -0.2529 0.12541 40.5152 6.9641 675.072 32.153
n0.785_2.60 -152.836 4.60885 -0.2386 0.111371 21.9193 5.23382 574.256 32.9752
n0.785_2.86 -157.904 4.23937 -0.130433 0.162159 28.772 5.68113 482.166 27.1134
n0.785_3.12 -150.838 1.59224 -0.3851 0.0603749 55.4525 8.02416 767.346 27.004
n0.785_3.38 -153.74 1.24649 -0.2432 0.0528081 59.3441 8.16898 1017.04 40.5086
n0.785_3.64 -155.45 1.28941 -0.273967 0.0435469 188.194 15.9021 3947.76 86.3958
n0.785_3.90 -153.365 0.410526 -0.2833 0.0157642 236.15 16.6657 4168.54 101.754
n0.785_4.16 -155.901 1.34447 -0.244567 0.0526499 115.033 11.5645 2101.29 59.9393
n0.785_4.42 -157.016 0.740367 -0.1851 0.0769705 68.9731 9.14827 1125.92 43.5043
n0.785_4.68 -155.202 2.16822 -0.2696 0.075701 47.5262 8.84286 925.528 34.039
n0.785_4.94 -157.074 3.37359 -0.250367 0.0924074 32.7746 6.08129 674.613 37.6295
n0.785_5.20 -152.349 1.56607 -0.2645 0.0551974 36.7485 6.10854 661.67 36.9056
n0.785_5.46 -149.158 1.44584 -0.297867 0.106407 65.7467 8.72457 1631.07 63.7252
n0.785_5.72 -150.677 1.14492 -0.330733 0.0441814 62.3694 9.00872 1397.74 52.6689
n0.785_5.98 -152.334 0.408384 -0.3263 0.0234601 61.3734 8.66282 1071.55 53.6771
n0.915_0 -154.231 3.4567 -0.2923 0.0829625 28.8746 5.73841 899.898 55.4801
n0.915_0.31 -155.736 3.42697 -0.211433 0.148642 27.7877 5.76251 613.965 32.913
n0.915_0.62 -149.45 1.10265 -0.3136 0.094864 49.6849 8.57239 1041.23 70.1185
n0.915_0.93 -149.841 1.26231 -0.4126 0.066953 67.0661 9.05273 1374.51 67.9538
n0.915_1.24 -150.123 0.601101 -0.389233 0.0437829 71.7455 7.763 954.175 37.3989
n0.915_1.55 -151.124 0.714987 -0.3898 0.0384928 72.6954 10.9063 1334.65 62.3615
n0.915_1.86 -150.943 0.800657 -0.345033 0.0360915 103.417 12.9718 2234.4 78.7496
n0.915_2.17 -150.89 1.0763 -0.316467 0.0438244 72.6282 6.86014 858.961 31.8081
n0.915_2.48 -151.406 2.15108 -0.2903 0.0594921 35.878 5.81966 591.615 29.7381
n0.915_2.79 -155.723 1.86187 -0.382833 0.10686 29.8876 4.87237 517.367 21.9226
n0.915_3.10 -152.338 2.90237 -0.333233 0.113392 58.0096 8.15458 1141.78 41.1761
n0.915_3.41 -155.233 0.946297 -0.207167 0.0898015 109.029 12.332 1928.14 64.4696
n0.915_3.72 -154.657 0.623476 -0.219967 0.030486 187.529 16.8423 3614.53 97.9715
n0.915_4.03 -153.526 0.444379 -0.2745 0.0184775 201.859 15.4432 3393.15 89.1106
n0.915_4.34 -155.683 1.50083 -0.150667 0.0770426 50.1696 7.65394 870.801 42.7745
n0.915_4.65 -154.488 1.35603 -0.208933 0.0824277 43.7993 6.8957 734.877 39.271
n0.915_4.96 -156.319 4.33997 -0.2171 0.147549 32.0508 6.53879 755.128 37.5413
n0.915_5.27 -150.696 2.05669 -0.277067 0.0674532 40.3149 6.41211 721.91 36.1093
n0.915_5.58 -149.717 1.27756 -0.278433 0.0505966 57.3872 8.47931 1317.77 53.1227
n0.915_5.89 -153.517 0.247588 -0.2704 0.0303377 622.082 26.3193 11842.6 187.408
n1.046_0 -150.987 2.7587 -0.299067 0.101615 32.1621 5.99752 823.49 70.8829
n1.046_0.39 -147.346 3.07798 -0.279833 0.162687 62.3575 8.95387 1378.83 80.4468
n1.046_0.78 -147.308 0.626815 -0.425833 0.0291828 102.172 9.69551 1452.56 65.0366
n1.046_1.17 -149.503 0.5836 -0.3189 0.0406734 84.1357 9.60368 1390.98 59.5885
n1.046_1.56 -152.162 1.79619 -0.289567 0.0650078 52.695 8.34968 986.185 70.3415
n1.046_1.95 -149.592 0.633585 -0.379 0.0282076 78.3678 10.8014 1299.02 54.8638
n1.046_2.34 -148.54 2.43119 -0.3598 0.0875273 46.4957 7.0282 815.047 31.5505
n1.046_2.73 -150.827 1.50103 -0.250933 0.0911588 32.476 7.75792 784.503 30.7
n1.046_3.12 -154.317 3.2595 -0.354733 0.143372 58.7973 9.40604 1632.64 57.2845
n1.046_3.51 -154.51 0.820248 -0.232033 0.0429628 103.177 12.674 2294.37 61.4177
n1.046_3.90 -153.047 0.392796 -0.310733 0.0197989 171.168 15.1836 2923.51 87.6254
n1.046_4.29 -153.539 4.97313 -0.272833 0.141368 20.168 4.34989 302.35 24.9575
n1.046_4.68 -150.57 0.660025 -0.395833 0.0314373 57.3384 6.85448 806.422 38.2305
n1.046_5.07 -152.486 1.22203 -0.254933 0.0576466 50.572 6.8438 858.3 44.3915
n1.046_5.46 -152.165 1.82505 -0.235667 0.101285 37.6915 5.77822 672.982 42.8939
n1.046_5.85 -153.775 0.262281 -0.2301 0.0352012 577.493 24.6358 10912.4 173.329
n1.177_0 -150.646 1.67157 -0.312133 0.0740755 70.4733 8.58943 1700.02 108.619
n1.177_0.52 -145.824 1.12649 -0.4339 0.0481767 92.2853 9.12238 1708.15 95.9705
n1.177_1.04 -150.795 0.511216 -0.313967 0.0237135 131.23 12.3203 2242.83 68.8328
n1.177_1.56 -150.169 0.964396 -0.342733 0.0673231 84.2035 11.5121 1951.78 97.4836
n1.177_2.08 -149.736 0.740836 -0.2887 0.0380558 63.9275 9.08782 939.638 41.7573
n1.177_2.60 -150.662 0.683152 -0.351833 0.036819 51.1274 7.40878 855.15 42.3033
n1.177_3.12 -154.439 4.31849 -0.295867 0.140045 45.4031 7.78825 1167.03 45.4755
n1.177_3.64 -151.327 1.10699 -0.327567 0.0525827 70.8747 11.9724 1664.81 50.5392
n1.177_4.16 -153.96 4.37166 -0.2718 0.136542 19.7391 4.18504 245.171 22.5607
n1.177_4.68 -151.668 0.621065 -0.3872 0.0343767 40.7249 5.0016 573.009 28.331
n1.177_5.20 -152.685 0.702651 -0.1931 0.0415875 53.8636 6.07051 985.439 55.4596
n1.177_5.72 -150.359 1.25444 -0.3628 0.0677487 57.4565 8.39846 1256.49 62.2017
n1.308_0 -149.105 1.33658 -0.2917 0.0605396 50.3639 6.29454 849.824 68.5491
n1.308_0.78 -150.133 1.59606 -0.2523 0.0664287 57.5894 7.66481 1029.33 44.3175
n1.308_1.56 -149.634 0.885086 -0.2911 0.0420388 86.3822 10.6178 1683.23 89.143
n1.308_2.34 -149.518 0.45938 -0.2874 0.0214579 73.0021 8.30731 956.625 49.3109
n1.308_3.12 -149.731 0.916256 -0.3221 0.0785327 81.8662 10.8224 1799.66 66.6588
n1.308_3.90 -150.728 4.4237 -0.256833 0.133548 27.4695 5.44337 474.164 27.9691
n1.308_4.68 -155.638 2.68001 -0.217833 0.0882552 14.5451 2.80428 216.099 16.7821
n1.308_5.46 -148.884 1.42981 -0.425367 0.0566315 30.2331 5.58359 531.689 30.0276
n1.439_0 -148.122 1.15427 -0.3829 0.0594289 31.45 4.94866 341.785 26.3469
n1.439_1.57 -147.597 2.09687 -0.306333 0.0630599 45.079 6.62347 888.447 51.2634
n1.439_3.14 -149.932 0.861581 -0.2696 0.107545 95.7489 10.1167 1798.14 62.1266
n1.439_4.71 -151.967 1.51755 -0.262733 0.109865 27.7117 4.1552 372.377 32.6477
n1.571_0 -151.979 1.6347 -0.212633 0.12377 35.3569 4.90582 395.548 42.5946
