0.130_0 -219.592 1.77852 -0.632033 0.0693393 107.304 12.9577 2214.36 77.2351
0.130_0.14 -224.895 3.52944 -0.515967 0.123206 103.544 10.2189 1608.97 61.9482
0.130_0.28 -224.479 1.20384 -0.480267 0.0501942 55.7343 7.15614 743.507 48.4886
0.130_0.42 -223.884 0.783769 -0.512833 0.0444031 45.6326 6.12587 644.776 58.1833
0.130_0.56 -223.471 1.07855 -0.4659 0.0640546 30.0892 3.29941 296.283 19.0599
0.130_0.70 -220.231 1.97637 -0.352267 0.126068 36.5894 5.4761 611.068 40.6603
0.130_0.84 -220.629 1.10304 -0.480233 0.0926017 87.2898 9.03916 1825.69 82.9247
0.130_0.98 -222.909 0.733239 -0.618733 0.0656165 98.1449 10.7405 1830.79 81.0819
0.130_1.12 -225.099 1.13819 -0.3894 0.0839609 55.431 8.28028 1252.13 66.8716
0.130_1.26 -224.673 0.463021 -0.542567 0.0651297 92.6714 11.0069 1905.74 64.9093
0.130_1.40 -224.898 0.757453 -0.483633 0.0843331 88.0016 13.1248 1991.28 64.9202
0.130_1.54 -221.726 0.728513 -0.595233 0.0434559 85.5294 10.7475 1439.73 63.895
0.130_1.68 -222.205 1.05256 -0.6183 0.0497498 52.3115 7.56754 761.098 35.9246
0.130_1.82 -222.6 0.491292 -0.565533 0.0269342 103.901 9.71957 1803.17 84.2533
0.130_1.96 -223.954 0.923563 -0.503033 0.0494456 102.332 10.522 1805.01 88.4204
0.130_2.10 -225.077 1.70623 -0.369933 0.199057 50.7452 7.04457 1046.95 73.0061
0.130_2.24 -223.388 2.70866 -0.444067 0.150649 33.2332 5.44849 631.18 45.4695
0.130_2.38 -225.329 1.22972 -0.556833 0.098828 64.7759 7.61644 1465.34 84.7801
0.130_2.52 -228.146 1.52911 -0.5633 0.0524567 124.651 9.44111 1904.28 85.5376
0.130_2.66 -227.897 2.30752 -0.531167 0.0699116 92.2854 9.58149 1645.26 41.8971
0.130_2.80 -222.224 1.17681 -0.643633 0.0433905 103.729 12.5995 1987.23 44.8248
0.130_2.94 -223.939 1.68573 -0.544333 0.0786313 51.0529 8.90518 1154.78 41.4
0.130_3.08 -224.958 1.08226 -0.5414 0.0625234 135.014 12.7753 2882.72 68.4421
0.130_3.22 -224.585 0.483513 -0.525233 0.0385454 210.093 15.9985 4383.12 89.0701
0.130_3.36 -223.609 0.429618 -0.5417 0.0222975 187.643 14.8663 3571.7 94.2746
0.130_3.50 -222.348 0.712403 -0.577867 0.0416035 149.377 12.9162 2591.33 112.199
0.130_3.64 -221.944 0.559442 -0.616467 0.0384723 174.074 16.903 3047.58 79.8596
0.130_3.78 -223.784 0.552776 -0.564833 0.0428755 316.706 25.2724 7151.8 102.427
0.130_3.92 -223.8 0.285738 -0.564367 0.0371438 797.17 36.0146 18422 165.794
0.130_4.06 -224.305 0.271308 -0.469967 0.0231358 508.15 29.5951 10676.3 128.584
0.130_4.20 -223.173 0.368496 -0.500433 0.0231375 132.297 10.307 1883.91 77.3844
0.130_4.34 -221.11 0.72397 -0.6588 0.052762 132.886 11.2857 2697.26 95.6812
0.130_4.48 -223.229 1.36975 -0.555133 0.11601 150.893 12.6957 3262.03 92.2166
0.130_4.62 -224.429 1.13626 -0.408667 0.100598 143.78 11.9118 2066.15 89.2085
0.130_4.76 -223.76 0.766686 -0.479333 0.0555688 120.469 9.41426 2000.25 81.0162
0.130_4.90 -228.179 3.30931 -0.279633 0.162783 170.366 12.905 3726.43 90.3286
0.130_5.04 -231.209 2.02021 -0.117067 0.0968566 81.0235 8.53947 1717.37 67.7107
0.130_5.18 -220.966 3.28355 -0.6319 0.0947428 70.4859 9.36926 1610.73 65.1705
0.130_5.32 -220.529 0.964994 -0.6274 0.0314172 190.167 15.4054 3242.64 103.478
0.130_5.46 -222.286 1.06339 -0.522267 0.0409194 271.68 18.388 4607.49 119.001
0.130_5.60 -225.576 2.10175 -0.476233 0.06549 217.804 17.1457 4815.22 105.649
0.130_5.74 -224.67 2.28675 -0.472833 0.0795213 154.255 15.904 3640.88 93.8714
0.130_5.88 -223.66 1.02405 -0.489667 0.0496611 139.446 12.3014 3274.32 116.231
0.130_6.02 -224.338 1.95525 -0.458167 0.0882438 132.867 11.9527 2651.12 87.1058
0.261_0 -222.137 2.21751 -0.605833 0.0742988 59.6806 7.97647 1013.12 48.7145
0.261_0.15 -222.784 2.59129 -0.5571 0.0825739 98.5063 11.1245 1348.67 49.8657
0.261_0.30 -223.905 0.973481 -0.4975 0.0371943 112.431 10.93 1863.49 79.0191
0.261_0.45 -225.956 0.954233 -0.4044 0.0504292 66.1218 7.09858 1183.22 62.5471
0.261_0.60 -225.503 1.25351 -0.445467 0.122071 34.9541 4.65861 548.244 30.8069
0.261_0.75 -219.184 1.02485 -0.4956 0.0940186 44.0477 5.76593 600.788 47.1124
0.261_0.90 -221.063 1.93641 -0.569067 0.147712 56.6924 6.70184 782.234 47.6919
0.261_1.05 -223.531 3.9141 -0.393933 0.216338 41.9587 6.95395 984.912 62.7753
0.261_1.20 -224.297 8.6582 -0.578767 0.152171 39.5264 7.5019 1091.4 60.6984
0.261_1.35 -224.83 0.828939 -0.436533 0.128102 75.0795 11.3833 1441.01 65.0984
0.261_1.50 -222.413 1.88469 -0.4978 0.131044 32.1948 5.88069 555.632 27.9848
0.261_1.65 -225.809 4.68135 -0.5293 0.23088 32.2346 5.77699 746.982 40.5036
0.261_1.80 -223.96 0.522551 -0.541233 0.025251 89.5615 10.1774 1363.57 62.3127
0.261_1.95 -223.121 0.493524 -0.564767 0.0202191 121.731 11.9435 1762.06 87.5154
0.261_2.10 -224.688 0.770647 -0.480133 0.0801535 97.7225 10.1037 1802.05 65.0919
0.261_2.25 -225.289 0.537326 -0.590033 0.0308339 179.54 18.2223 4638.43 94.3787
0.261_2.40 -227.56 0.812917 -0.551867 0.0279747 270.148 19.5048 5678.27 113.229
0.261_2.55 -224.851 0.605297 -0.679467 0.0185378 217.117 14.1639 2730.56 62.2044
0.261_2.70 -224.943 1.36277 -0.6763 0.0346926 85.3301 9.86942 1445.03 41.7307
0.261_2.85 -221.878 0.440338 -0.671633 0.0793133 65.5214 8.66695 1128.15 40.0052
0.261_3.00 -222.255 1.36486 -0.627433 0.0517456 84.0564 11.7851 1820.49 51.8709
0.261_3.15 -223.612 1.04136 -0.598 0.0679534 108.552 13.9823 2288.75 63.948
0.261_3.30 -223.531 0.5874 -0.557333 0.0340963 103.681 11.5693 1702.24 54.5966
0.261_3.45 -222.59 0.52934 -0.5664 0.0247825 106.659 9.88854 1628.56 59.0429
0.261_3.60 -223.773 0.447688 -0.5734 0.0260302 181.929 17.6292 3848.16 77.2154
0.261_3.75 -223.435 0.417303 -0.603633 0.0321465 335.872 27.6202 8105.93 129.692
0.261_3.90 -223.682 0.272378 -0.5813 0.0246355 513.949 28.9557 10706.1 105.529
0.261_4.05 -223.649 0.328622 -0.526467 0.0209789 441.81 25.7261 7663.43 97.2994
0.261_4.20 -222.004 0.594063 -0.526367 0.0322314 279.449 15.579 3949.37 89.078
0.261_4.35 -222.037 0.481537 -0.5777 0.0545171 254.796 16.8364 4707.07 106.617
0.261_4.50 -223.356 0.863035 -0.599767 0.0524799 135.247 12.399 3231.33 94.5632
0.261_4.65 -222.729 1.40355 -0.581433 0.0867303 61.3821 10.821 1627.37 84.6196
0.261_4.80 -228.392 5.05354 -0.3003 0.199354 22.196 4.15172 480.531 38.4627
0.261_4.95 -220.233 2.78216 -0.5894 0.130152 53.6678 6.42878 1354.62 50.7533
0.261_5.10 -222.833 1.50506 -0.372333 0.125582 112.92 13.3461 2072.51 56.8322
0.261_5.25 -221.158 0.766517 -0.642733 0.0290917 158.63 12.182 2696.43 78.5903
0.261_5.40 -223.94 1.14001 -0.513133 0.0372485 295.523 17.9718 4221.42 89.263
0.261_5.55 -225.687 2.83509 -0.445167 0.0905482 352.152 18.0787 5474.1 111.832
0.261_5.70 -223.356 1.25351 -0.527133 0.0428453 265.119 15.9172 4440.92 101.049
0.261_5.85 -220.936 1.03627 -0.539767 0.0421364 140.349 11.5753 2551.36 85.3448
0.392_0 -221.377 3.19553 -0.480533 0.13237 55.2459 7.34646 1607.73 97.1857
0.392_0.17 -217.95 2.74351 -0.6444 0.092936 76.0974 9.53665 1732.08 97.4621
0.392_0.34 -225.662 1.44796 -0.420933 0.0611773 64.3936 9.91836 1715.21 61.7195
0.392_0.51 -226.511 1.48688 -0.394367 0.0812383 71.6531 9.73778 2119.92 73.7052
0.392_0.68 -224.28 1.96546 -0.494233 0.18274 21.2613 3.6304 361.168 28.4025
0.392_0.85 -219.661 0.764299 -0.619833 0.0967797 68.764 7.59959 865.022 47.934
0.392_1.02 -223.918 3.49294 -0.4191 0.184747 42.5078 7.84291 921.5 47.5767
0.392_1.19 -222.266 3.50665 -0.4027 0.149406 32.9791 6.45225 736.668 41.3235
0.392_1.36 -224.857 1.94769 -0.282633 0.179888 36.0746 7.20349 777.491 49.8273
0.392_1.53 -226.323 6.02915 -0.432467 0.188372 21.4247 4.44653 297.186 20.283
0.392_1.70 -226.518 2.04495 -0.482933 0.0992418 29.2476 4.92176 518.868 33.1084
0.392_1.87 -226.839 0.810147 -0.460233 0.0390096 160.972 14.0396 3039.95 176.589
0.392_2.04 -225.082 1.28843 -0.509767 0.0673757 206.034 15.2355 4011.44 200.109
0.392_2.21 -225.856 0.528082 -0.5803 0.0282225 187.783 19.8268 4908.36 110.507
0.392_2.38 -227.904 0.792149 -0.5601 0.0337963 245.884 20.3075 6492.64 119.908
0.392_2.55 -227.988 2.50028 -0.578833 0.0833885 170.072 16.7631 3423.87 61.593
0.392_2.72 -225.093 3.21364 -0.1328 0.187441 49.3476 6.65987 1014.57 43.3974
0.392_2.89 -223.836 0.559255 -0.522067 0.0477235 148.835 13.9786 2321.92 57.3859
0.392_3.06 -224.987 0.295202 -0.4794 0.0235819 323.251 22.6462 6633.54 92.6963
0.392_3.23 -225.126 0.517745 -0.6412 0.0374339 208.837 18.7498 5013.67 70.0222
0.392_3.40 -223.391 0.359924 -0.5622 0.0224921 217.835 18.8836 4623 77.4032
0.392_3.57 -223.639 0.346129 -0.59 0.026198 538.069 34.2946 17570.3 224.754
0.392_3.74 -223.632 0.291 -0.6093 0.0278827 615.854 33.179 17922.2 243.982
0.392_3.91 -223.768 0.331004 -0.612 0.0215793 331.558 24.0959 6641.6 96.8173
0.392_4.08 -222.846 0.413289 -0.5433 0.0220539 330.501 20.2658 4934.46 83.7457
0.392_4.25 -221.714 0.543688 -0.512733 0.0246508 242.382 16.3383 3507.01 91.2095
0.392_4.42 -222.541 0.592065 -0.479667 0.0862335 156.702 13.481 2642.16 86.4593
0.392_4.59 -221.404 1.6099 -0.648833 0.0704294 52.1127 9.67962 1674.42 58.8222
0.392_4.76 -221.65 2.13002 -0.446967 0.0903737 50.649 9.00982 1224.54 65.277
0.392_4.93 -221.667 0.970288 -0.479433 0.0644661 59.7089 7.05346 1074.49 53.7452
0.392_5.10 -222.888 0.653681 -0.446267 0.0643086 144.363 12.1791 2118.72 64.821
0.392_5.27 -221.939 0.598893 -0.5513 0.0399947 156.871 13.8636 2479.25 65.8198
0.392_5.44 -222.424 1.52609 -0.599 0.0480486 138.911 14.0108 2885.55 107.117
0.392_5.61 -221.29 1.11053 -0.590633 0.0375437 234.703 14.7129 3892.67 108.926
0.392_5.78 -221.872 0.77017 -0.5499 0.030317 296.027 18.2175 4650.09 77.4553
0.392_5.95 -220.817 0.636991 -0.501433 0.0270582 164.304 10.5907 2459.12 67.8664
0.523_0 -220.659 3.74908 -0.5071 0.129593 95.535 8.53804 2086.69 108.91
0.523_0.19 -218.771 2.63553 -0.597933 0.116496 83.6207 9.56278 1901.42 84.0916
0.523_0.38 -226.737 0.830556 -0.5411 0.0388028 62.2718 7.32244 1240.24 50.9017
0.523_0.57 -226.07 2.85091 -0.424733 0.108361 48.3819 7.00528 812.494 32.9106
0.523_0.76 -237.271 10.1747 -0.5898 0.0594634 60.0597 8.48076 1170.36 38.3375
0.523_0.95 -220.607 2.28829 -0.649433 0.0698227 75.5196 10.0505 1184.24 42.1772
0.523_1.14 -224.739 2.02149 -0.538767 0.0778289 65.1673 9.60611 1045.68 41.9256
0.523_1.33 -226.287 1.65963 -0.3666 0.0993041 55.2239 9.16592 1050.41 57.8756
0.523_1.52 -223.986 2.39246 -0.439967 0.0950715 40.3474 8.34591 688.536 37.9157
0.523_1.71 -225.197 1.81692 -0.501467 0.0902872 68.9208 11.0461 1367.75 43.6067
0.523_1.90 -226.592 1.33849 -0.447167 0.0891383 167.751 16.3176 3821.35 183.345
0.523_2.09 -228.874 1.76303 -0.388167 0.106803 142.268 13.4165 2684.06 109.691
0.523_2.28 -226.432 0.454402 -0.581067 0.022642 145.256 15.088 3422.76 85.6873
0.523_2.47 -224.789 0.749567 -0.643433 0.0435325 128.083 12.2919 3199.56 73.6801
0.523_2.66 -227.104 1.80103 -0.428633 0.156846 60.9032 10.5254 1636.82 56.6876
0.523_2.85 -224.22 0.386307 -0.512067 0.0332796 289.046 24.6677 6639.55 86.1659
0.523_3.04 -224.62 0.1861 -0.487133 0.0193662 710.884 35.1133 18578.4 151.732
0.523_3.23 -224.93 0.269085 -0.583 0.0464973 542.051 30.3884 13032.1 135.304
0.523_3.42 -224.346 0.254344 -0.5643 0.0223482 716.986 36.6189 20885 224.642
0.523_3.61 -224.286 0.276466 -0.648567 0.0300624 751.575 42.6597 24162 267.618
0.523_3.80 -223.057 0.579906 -0.6783 0.0223094 185.823 19.3182 5431.64 97.8062
0.523_3.99 -223.006 1.14422 -0.588667 0.05419 189.848 14.2823 3255.64 76.0281
0.523_4.18 -222.23 1.84816 -0.566833 0.0821562 300.227 17.1818 4324.89 80.503
0.523_4.37 -223.592 0.939663 -0.437233 0.0495998 126.22 10.5167 2066.82 80.1555
0.523_4.56 -223.069 3.06107 -0.467233 0.196401 54.5016 8.82921 1454.62 64.5495
0.523_4.75 -225.27 2.75856 -0.4781 0.224447 50.9199 9.26927 1295.81 65.0316
0.523_4.94 -224.082 2.07164 -0.466567 0.1327 37.9827 6.1889 804.601 46.8702
0.523_5.13 -223.823 1.31675 -0.417567 0.0554546 70.2314 8.11812 1026.71 58.717
0.523_5.32 -222.044 0.586578 -0.558467 0.0299708 97.19 13.6407 2374.08 64.3359
0.523_5.51 -221.41 1.40888 -0.552233 0.131032 56.0944 8.09976 1356.99 90.4023
0.523_5.70 -221.033 3.71606 -0.639 0.101683 93.8327 11.0523 2000.99 59.5732
0.523_5.89 -220.153 1.00484 -0.586233 0.0413233 222.743 16.53 4556.99 103.438
0.654_0 -227.133 4.56563 -0.3981 0.144759 55.739 7.30852 1111.99 59.093
0.654_0.22 -220.79 1.65295 -0.675067 0.0407201 90.4104 11.17 2333.13 91.6378
0.654_0.44 -226.705 0.805238 -0.481867 0.0289583 92.4314 9.01266 1969.98 127.289
0.654_0.66 -237.133 7.09995 -0.220533 0.266639 31.0133 5.3203 603.839 28.8985
0.654_0.88 -229.771 4.3447 -0.408267 0.150576 48.5907 8.42078 654.78 31.2981
0.654_1.10 -223.569 2.04771 -0.5534 0.0772112 84.0655 8.86719 1148.65 48.8545
0.654_1.32 -224.83 0.358896 -0.4919 0.0306951 138.7 13.7746 2339.01 74.549
0.654_1.54 -224.863 0.398478 -0.5377 0.0251285 160.217 15.2865 2469.41 54.2397
0.654_1.76 -223.79 0.519102 -0.591133 0.0295181 110.537 15.3015 2335.91 65.8651
0.654_1.98 -225.831 1.49664 -0.5276 0.0810994 100.133 14.7816 2575.12 70.074
0.654_2.20 -225.85 0.622292 -0.536667 0.038426 160.904 18.386 3740.59 82.2464
0.654_2.42 -224.346 0.709618 -0.5057 0.054267 171.187 15.8944 3959.69 94.5819
0.654_2.64 -224.008 0.390338 -0.4935 0.0423251 264.244 18.6528 5107.01 116.66
0.654_2.86 -223.886 0.335807 -0.558833 0.0324598 429.698 28.7089 10329.8 126.223
0.654_3.08 -224.451 0.196823 -0.5349 0.0224601 897.292 39.3584 22964 205.795
0.654_3.30 -224.689 0.200461 -0.569767 0.0233555 869.29 38.9268 23867.1 223.714
0.654_3.52 -223.759 0.22475 -0.539833 0.0324393 786.347 37.3723 21290.6 250.805
0.654_3.74 -223.986 1.03905 -0.616367 0.0772843 94.2022 13.5166 2774.53 71.2984
0.654_3.96 -222.227 0.481994 -0.671633 0.0239708 132.578 15.0592 2209.36 56.6816
0.654_4.18 -224.825 1.0043 -0.4372 0.0456606 310.609 19.2002 4385.6 74.8826
0.654_4.40 -223.658 0.801841 -0.452033 0.0398238 114.062 10.1712 1550.94 59.7201
0.654_4.62 -224.507 2.32373 -0.529667 0.115926 49.6451 6.63735 856.414 48.7515
0.654_4.84 -224.191 2.30353 -0.545333 0.205251 49.1993 7.08369 784.595 52.4865
0.654_5.06 -221.285 3.33843 -0.478133 0.161459 23.4808 4.14282 321.473 40.2118
0.654_5.28 -221.532 2.62196 -0.533367 0.0995794 51.9072 10.9663 1523.24 47.8882
0.654_5.50 -221.985 1.05936 -0.5663 0.05559 97.2195 11.7921 2458.6 78.3156
0.654_5.72 -221.103 2.65357 -0.541433 0.139931 75.2511 10.6819 1346.75 45.1163
0.654_5.94 -220.81 1.79302 -0.5715 0.0850848 122.571 14.3619 2832.91 96.6984
0.785_0 -224.551 4.49318 -0.563767 0.149591 107.699 10.9366 2104.24 90.1872
0.785_0.26 -222.57 2.83449 -0.580767 0.0970925 327.247 15.9446 6761.7 179.344
0.785_0.52 -224.265 1.22094 -0.488567 0.0509485 288.299 13.9372 5294.71 160.913
0.785_0.78 -225.473 1.78295 -0.536133 0.0966384 43.0059 7.1458 812.855 42.4916
0.785_1.04 -225.02 2.29321 -0.4139 0.194101 39.9585 7.09414 885.851 52.8691
0.785_1.30 -225.372 0.735026 -0.456767 0.0480043 77.6998 10.3982 1333.61 42.6158
0.785_1.56 -224.644 0.918154 -0.530667 0.0764628 95.7382 12.8892 1755.52 47.7563
0.785_1.82 -222.778 0.693188 -0.5086 0.0428436 137.428 16.9524 2657.89 67.84
0.785_2.08 -224.827 0.7421 -0.556233 0.0334008 215.673 20.7788 5475 116.801
0.785_2.34 -225.977 0.606263 -0.475433 0.0343901 350.329 24.6237 7410.84 129.719
0.785_2.60 -223.405 0.442815 -0.518567 0.031745 545.068 30.2901 12371.5 171.533
0.785_2.86 -223.003 0.404476 -0.562133 0.0248069 632.069 31.0418 13503.5 159.911
0.785_3.12 -223.618 0.284072 -0.565333 0.0285988 1028.46 38.9309 23023.9 203.89
0.785_3.38 -223.323 0.231285 -0.560333 0.0194308 707.08 35.3585 16715.4 187.388
0.785_3.64 -223.704 0.590179 -0.5882 0.0311581 187.733 17.0345 3391.95 93.2635
0.785_3.90 -221.593 1.30286 -0.625667 0.0674306 88.3056 12.032 2051.22 62.4688
0.785_4.16 -220.886 0.862136 -0.557933 0.0353826 128.346 11.9152 2160.11 64.9055
0.785_4.42 -224.681 5.19803 -0.4551 0.157868 50.2594 8.00104 886.793 41.6075
0.785_4.68 -223.578 1.10745 -0.565967 0.0441021 103.63 10.0617 1789.4 56.1008
0.785_4.94 -224.261 1.90798 -0.504033 0.112267 59.1935 8.36584 1157.16 48.8521
0.785_5.20 -225.09 3.04316 -0.3399 0.118036 38.2239 6.26823 902.401 30.4069
0.785_5.46 -220.157 0.519188 -0.592367 0.0359694 246.599 18.9901 7189.7 112.361
0.785_5.72 -220.654 0.338575 -0.637667 0.0226176 233.757 15.0488 4514.2 118.89
0.785_5.98 -221.768 2.6887 -0.5376 0.144745 56.3377 10.8763 1356.64 49.7772
0.915_0 -221.404 1.65156 -0.458533 0.162722 93.6707 11.5862 2357.63 124.452
0.915_0.31 -225.049 2.04596 -0.417633 0.0704533 348.456 17.1312 5551.49 153.547
0.915_0.62 -225.001 3.50041 -0.392867 0.132085 439.55 21.8638 6808.14 135.774
0.915_0.93 -223.364 2.07216 -0.4659 0.0927918 215.805 17.2451 3515.05 68.0828
0.915_1.24 -224.542 1.43732 -0.4507 0.0901826 96.0508 11.2337 2122.48 71.3556
0.915_1.55 -223.933 0.957008 -0.4792 0.0672762 107.915 12.7354 1603.05 50.3571
0.915_1.86 -223.307 0.714422 -0.457733 0.0496454 92.6689 12.8543 1516.82 50.2542
0.915_2.17 -226.912 0.873713 -0.508567 0.0613983 407.696 25.9885 10510.3 225.205
0.915_2.48 -225.963 0.466133 -0.475 0.0341955 844.898 42.8296 26015.7 326.529
0.915_2.79 -223.137 0.746102 -0.532567 0.0388314 708.453 35.6032 15065.9 176.504
0.915_3.10 -222.453 0.222686 -0.5825 0.0155376 1182.68 43.5981 23786 216.273
0.915_3.41 -223.39 0.332796 -0.5407 0.0161733 487.572 27.8319 10244.6 174.289
0.915_3.72 -224.272 1.29987 -0.5301 0.0631099 216.948 18.2949 4384.92 105.372
0.915_4.03 -222.912 2.24794 -0.501467 0.127042 87.1457 11.7301 1947.69 68.9096
0.915_4.34 -220.597 1.24297 -0.6418 0.062247 76.1935 10.9639 1751.37 68.0048
0.915_4.65 -222.004 1.77418 -0.573267 0.0745131 92.1873 10.3571 1794.84 62.3352
0.915_4.96 -222.377 1.41479 -0.585333 0.0597095 99.4215 10.617 1690.4 73.5086
0.915_5.27 -223.172 1.23422 -0.502433 0.0829193 80.9927 12.4542 2124.96 76.8775
0.915_5.58 -220.655 0.371705 -0.652867 0.020845 373.228 19.3462 8369.02 140.907
0.915_5.89 -220.885 0.704688 -0.509067 0.0437447 119.784 12.303 2358.41 76.4017
0_0 -223.11 0.739366 -0.422433 0.0353216 193.057 14.8323 4045.35 120.402
0_0.13 -219.223 3.46931 -0.551567 0.132356 74.7182 9.48431 1900.53 77.0771
0_0.26 -227.336 5.02105 -0.376333 0.202015 35.0608 5.81991 643.876 49.4358
0_0.39 -223.11 2.97667 -0.515367 0.165903 45.2237 7.27001 864.747 48.0461
0_0.52 -221.191 0.664725 -0.4763 0.0546038 54.4482 6.44881 921.706 40.1224
0_0.65 -219.794 1.36276 -0.422667 0.121915 44.6683 6.47356 978.089 54.1597
0_0.78 -218.825 0.837541 -0.4734 0.098127 87.3053 10.2717 2372.04 96.1832
0_0.91 -221.477 0.78756 -0.640667 0.0340767 134.302 12.3476 2812.07 108.752
0_1.04 -224.474 0.792814 -0.470367 0.0510744 102.738 9.1439 1850.02 113.061
0_1.17 -223.13 1.01876 -0.468967 0.0509921 102.557 11.4932 1712.42 62.1112
0_1.30 -222.641 1.10356 -0.480467 0.0518625 112.418 12.6937 2509.88 70.161
0_1.43 -223.767 1.59075 -0.443933 0.0794191 121.84 14.6602 2649.36 82.7691
0_1.56 -221.636 1.2168 -0.5663 0.0642358 89.8999 10.3447 1583.72 66.9153
0_1.69 -228.145 5.53292 -0.531 0.24651 37.2724 5.93107 895.997 47.196
0_1.82 -225.957 1.86587 -0.4932 0.0787813 40.7709 6.46095 991.454 52.8389
0_1.95 -227.022 1.52856 -0.421467 0.106369 36.1627 6.58021 697.493 52.0916
0_2.08 -222.453 3.09157 -0.6161 0.148446 35.4971 6.57495 962.581 77.5022
0_2.21 -222.118 0.662242 -0.6302 0.0496591 66.0175 7.00707 1322.05 86.1736
0_2.34 -224.25 2.3316 -0.317033 0.16314 44.7794 8.41239 1480.26 100.688
0_2.47 -226.173 3.47659 -0.4361 0.191874 40.2045 6.56922 1303.06 77.0864
0_2.60 -225.839 4.12212 -0.457333 0.154557 38.1427 5.74211 935.085 67.9394
0_2.73 -221.511 1.9673 -0.655333 0.0636649 108.57 11.1362 1715.46 76.8111
0_2.86 -222.147 0.989556 -0.6317 0.0417673 109.303 11.4977 2065.73 88.2152
0_2.99 -224.748 1.16192 -0.5478 0.0646408 113.293 11.4091 2280.48 108.409
0_3.12 -225.056 0.53169 -0.456933 0.0324571 193.648 14.4408 3441.9 98.2278
0_3.25 -224.757 0.830299 -0.4867 0.0478941 231.037 16.2362 5097.15 104.163
0_3.38 -224.968 0.886978 -0.461767 0.054642 306.614 19.5768 7752.59 185.142
0_3.51 -224.161 0.602875 -0.5317 0.0659533 470.169 28.1133 13979.9 272.014
0_3.64 -222.826 0.337247 -0.5525 0.0209623 385.049 25.2692 9051.66 162.412
0_3.77 -222.629 0.328663 -0.563733 0.0208933 385.011 24.831 7521.56 114.711
0_3.90 -222.783 0.227685 -0.577633 0.0355762 820.589 39.4403 19579 161.83
0_4.03 -222.761 0.245045 -0.557667 0.0320347 733.803 35.7398 17799.8 158.067
0_4.16 -222.789 0.689947 -0.633233 0.0406613 157.08 17.7339 5411.42 111.994
0_4.29 -222.583 0.809181 -0.592367 0.048095 91.3837 11.9175 2707 93.7516
0_4.42 -223.075 0.991806 -0.550233 0.0734285 89.3013 11.0986 2199.41 75.7049
0_4.55 -222.453 0.777311 -0.612433 0.0738305 118.425 14.1173 2239.71 57.3774
0_4.68 -222.359 0.654487 -0.541767 0.0545382 133.961 16.4089 2590.12 69.0098
0_4.81 -223.883 1.72705 -0.485 0.0900962 154.925 15.9166 4306.48 114.633
0_4.94 -224.643 1.03119 -0.484667 0.0577629 198.87 19.1235 5381.76 120.323
0_5.07 -215.67 6.21602 -0.1829 0.261948 58.6871 11.1202 1370.38 40.7338
0_5.20 -228.26 5.03913 -0.408433 0.164243 82.4095 11.9916 2436.63 70.1888
0_5.33 -226.464 0.310473 -0.519733 0.0149353 220.427 18.8397 6155.9 174.512
0_5.46 -224.63 0.524144 -0.517433 0.021732 408.15 20.677 7320.79 128.381
0_5.59 -224.798 0.369906 -0.4974 0.0181945 495.874 21.7771 9033.18 130.597
0_5.72 -224.653 0.607171 -0.522567 0.0315892 312.362 20.0804 6178.67 104.921
0_5.85 -223.473 0.33405 -0.5386 0.0279447 371.725 20.9588 7936.19 192.797
0_5.98 -223.695 0.661066 -0.477 0.0414809 244.408 15.7419 6363.47 164.539
0_6.11 -222.079 0.590948 -0.517433 0.0345101 141.065 12.1675 2937.1 100.33
1.046_0 -221.707 0.707724 -0.3656 0.0948271 136.992 16.0304 3366.75 146.343
1.046_0.39 -220.285 1.57067 -0.5316 0.0579336 239.387 16.4398 3588.79 68.0723
1.046_0.78 -222.187 3.14262 -0.462667 0.115942 398.404 24.1094 5848.35 80.8138
1.046_1.17 -221.22 1.36522 -0.564367 0.0723256 379.361 22.4022 7810.81 157.031
1.046_1.56 -220.767 1.43602 -0.601633 0.0901033 244.043 14.9757 4409.17 131.439
1.046_1.95 -224.507 1.16836 -0.4784 0.0628589 130.622 12.8586 2489.37 66.626
1.046_2.34 -226.06 0.255851 -0.475167 0.0224122 867.29 38.9964 22597.5 347.045
1.046_2.73 -225.38 0.448546 -0.435567 0.0293737 587.715 34.1294 13246.4 186.259
1.046_3.12 -221.379 0.314311 -0.609433 0.0204421 648.842 31.8156 14666.6 172.954
1.046_3.51 -223.374 0.502077 -0.500133 0.0300319 299.45 22.0919 6474.67 145.391
1.046_3.90 -224.792 0.716833 -0.456233 0.0466149 153.812 14.0951 2749.84 92.5189
1.046_4.29 -223.839 1.06154 -0.425933 0.0847722 119.703 12.161 2637.25 84.4332
1.046_4.68 -223.574 1.98545 -0.440133 0.107147 98.8621 10.6497 1885.49 91.8397
1.046_5.07 -222.79 3.48774 -0.547167 0.124047 96.1274 10.8473 1733.9 78.0588
1.046_5.46 -220.707 0.483948 -0.589533 0.0282462 190.406 17.292 4164.52 124.023
1.046_5.85 -220.53 0.990687 -0.5162 0.107361 91.5592 11.5382 2489.62 92.3867
1.177_0 -219.8 1.11188 -0.494433 0.110995 117.838 15.6003 3212.93 125.066
1.177_0.52 -220.97 0.756373 -0.5774 0.0401461 174.609 15.5612 3203.28 86.4466
1.177_1.04 -220.587 0.750281 -0.544133 0.0361872 397.942 24.198 7933.28 140.707
1.177_1.56 -221.446 0.697262 -0.5184 0.0456279 505.007 22.0237 7933.45 134.749
1.177_2.08 -224.558 0.769522 -0.464967 0.0429255 239.083 18.7093 4338.34 84.9087
1.177_2.60 -224.735 0.351973 -0.554 0.035294 388.865 24.9458 7700.75 106.777
1.177_3.12 -222.889 0.353185 -0.5605 0.0247133 300.417 23.6869 8606.85 162.315
1.177_3.64 -222.424 0.700872 -0.4486 0.064912 159.934 16.5051 3993 114.041
1.177_4.16 -223.245 0.796111 -0.4454 0.0710022 115.048 13.2699 2458.19 78.9302
1.177_4.68 -223.423 0.836637 -0.4831 0.0498924 150.997 13.7107 3365.09 99.0484
1.177_5.20 -221.311 0.919609 -0.625467 0.0486489 100.44 14.6528 2621.63 85.3551
1.177_5.72 -219.455 0.508493 -0.612967 0.0416069 155.208 17.4688 3366.59 115.616
1.308_0 -218.89 0.57069 -0.516 0.0665858 194.025 16.4084 4754.09 126.83
1.308_0.78 -220.376 0.853465 -0.546833 0.0588753 168.82 16.9558 4093.65 96.5786
1.308_1.56 -220.321 0.323262 -0.635167 0.0233018 342.097 23.4232 6562.45 105.154
1.308_2.34 -224.161 0.454627 -0.631133 0.050905 170.254 15.6575 2972.92 66.4344
1.308_3.12 -222.053 0.519113 -0.558 0.0260448 195.359 16.7822 4544.69 133.132
1.308_3.90 -221.485 0.805005 -0.406 0.12749 86.7752 12.2754 1888.9 47.1342
1.308_4.68 -223.525 0.512327 -0.4454 0.0372107 183.727 15.1305 3005.83 89.1384
1.308_5.46 -219.852 0.354632 -0.5352 0.0328891 248.124 19.624 4166.7 100.196
1.439_0 -221.9 0.593381 -0.6431 0.0306255 240.348 20.958 6827.97 121.091
1.439_1.57 -222.031 0.50185 -0.683033 0.0169568 296.348 25.6433 8850.62 214.509
1.439_3.14 -220.706 0.694187 -0.583733 0.0343879 138.281 15.996 3510.67 82.5112
1.439_4.71 -221.736 0.598878 -0.5824 0.0503392 187.227 17.6893 3309.54 84.824
1.571_0 -222.546 0.672527 -0.6557 0.0319621 247.312 20.9154 6785.49 160.245
n0.130_0 -222.212 1.00888 -0.508067 0.0426778 171.165 15.0423 3808.32 96.0025
n0.130_0.14 -222.012 3.91838 -0.617167 0.0992453 75.8044 8.88676 1816.46 75.1263
n0.130_0.28 -228.69 5.38684 -0.342933 0.179255 36.2681 5.99415 718.006 40.8738
n0.130_0.42 -220.363 1.49776 -0.618267 0.0590525 66.9564 9.52575 1273.57 51.0714
n0.130_0.56 -220.635 0.536167 -0.613567 0.0523298 74.7335 8.60781 1390.14 46.0017
n0.130_0.70 -220.123 0.810613 -0.548967 0.0735631 96.2001 11.251 2710.56 105.377
n0.130_0.84 -219.911 1.68759 -0.613933 0.108557 83.6871 10.156 2317.05 91.2192
n0.130_0.98 -223.511 0.983979 -0.528033 0.0519891 92.7327 8.20867 1835.22 103.991
n0.130_1.12 -224.855 0.859747 -0.422233 0.0345853 213.264 12.0728 3001 114.722
n0.130_1.26 -222.395 2.67319 -0.493833 0.114608 170.815 12.2246 2806.2 67.1837
n0.130_1.40 -222.237 0.865609 -0.5455 0.050134 113.172 11.4276 2359.6 55.0178
n0.130_1.54 -221.271 1.21178 -0.5301 0.0575806 101.577 11.1527 1846.77 49.8809
n0.130_1.68 -223.622 1.50114 -0.5582 0.132806 74.0023 9.73789 1645.98 57.496
n0.130_1.82 -227.749 1.21001 -0.474567 0.107199 81.3468 11.9664 1695.68 48.1623
n0.130_1.96 -228.615 1.17638 -0.434733 0.114828 44.1829 7.69032 993.153 41.6204
n0.130_2.10 -223.084 1.47849 -0.548767 0.147427 62.3909 10.6583 2314.24 85.4481
n0.130_2.24 -223.087 1.00992 -0.462467 0.100332 98.7746 11.7399 2760.67 131.725
n0.130_2.38 -225.397 1.11183 -0.5056 0.0753846 54.3072 8.86575 1541.41 104.088
n0.130_2.52 -224.108 2.07498 -0.584 0.0850274 37.6057 6.71622 624.487 35.5732
n0.130_2.66 -225.094 0.831158 -0.506833 0.0678403 75.6059 8.59173 1187.13 67.5263
n0.130_2.80 -224.728 0.972476 -0.5423 0.0533664 150.255 13.2178 2984.39 102.489
n0.130_2.94 -224.658 0.685868 -0.565067 0.0353666 197.365 16.3289 4850.57 162.33
n0.130_3.08 -225.251 0.782662 -0.546567 0.0607674 199.528 15.3568 4826.97 185.575
n0.130_3.22 -224.213 0.972723 -0.5027 0.0472452 127.325 12.8073 2456.29 88.148
n0.130_3.36 -223.825 0.461091 -0.473167 0.0273795 377.508 18.9642 9738.46 242.617
n0.130_3.50 -224.415 0.156242 -0.4994 0.0335774 1624.13 43.0846 38401.5 395.028
n0.130_3.64 -224.058 0.144734 -0.524367 0.0167431 1769.82 47.7836 38928.1 366.681
n0.130_3.78 -222.534 0.26095 -0.5857 0.0194998 721.137 30.1578 15203.9 253.159
n0.130_3.92 -221.888 0.330097 -0.5659 0.026274 502.42 29.3819 11702.4 178.933
n0.130_4.06 -222.958 0.328556 -0.611133 0.0388327 411.39 27.0491 9970.44 129.406
n0.130_4.20 -222.185 1.35838 -0.654867 0.0420601 133.405 17.4833 4895.63 93.0908
n0.130_4.34 -222.453 3.09048 -0.488633 0.0754855 56.6227 11.0122 2648.66 77.6154
n0.130_4.48 -223.11 6.08042 -0.535333 0.0908656 63.819 11.9234 3728.54 95.4613
n0.130_4.62 -224.17 0.736433 -0.675733 0.0302808 101.565 13.9395 3943.9 101.444
n0.130_4.76 -224.179 1.08935 -0.551833 0.0887223 204.429 22.0468 7327.59 151.919
n0.130_4.90 -224.255 0.512063 -0.4837 0.0840181 492.16 31.8286 14961.7 193.718
n0.130_5.04 -225.798 0.547737 -0.630033 0.049994 225.814 23.7851 7316.98 124.186
n0.130_5.18 -227.698 0.795656 -0.5606 0.0403217 184.682 22.4789 6420.85 150.513
n0.130_5.32 -226.276 0.253642 -0.524 0.0130256 496.768 25.6146 11642.6 148.899
n0.130_5.46 -224.496 0.170314 -0.535533 0.00868613 1087.02 33.9803 20238.9 220.174
n0.130_5.60 -224.435 0.234843 -0.507433 0.0151089 767.647 27.8254 14711.2 179.735
n0.130_5.74 -223.696 0.360819 -0.5269 0.0261315 464.272 20.3709 8312.39 154.463
n0.130_5.88 -223.421 0.484596 -0.538 0.0546961 386.203 19.4392 7678.19 180.589
n0.130_6.02 -224.416 1.06497 -0.4707 0.0382393 110.959 10.4432 2592.25 108.599
n0.261_0 -222.957 3.97087 -0.522767 0.164069 42.1678 6.99884 846.683 44.767
n0.261_0.15 -220.59 6.4908 -0.534333 0.24815 22.4996 4.37537 398.924 26.1298
n0.261_0.30 -226.109 2.09525 -0.4008 0.0715725 49.8121 7.564 698.726 31.3228
n0.261_0.45 -222.309 2.53054 -0.570933 0.0840357 71.846 10.8735 1363.01 53.8574
n0.261_0.60 -220.748 0.580731 -0.597367 0.0733653 94.3288 8.93227 1536.12 67.241
n0.261_0.75 -221.965 0.574464 -0.434367 0.0344238 171.387 12.2703 2524.01 81.5442
n0.261_0.90 -222.806 0.376791 -0.512133 0.0347858 156.042 11.0162 2290.36 83.7133
n0.261_1.05 -223.353 0.360139 -0.522067 0.0212806 308.628 16.2971 4847.4 118.6
n0.261_1.20 -226.488 1.14362 -0.368633 0.0539574 293.888 16.3759 4845.54 119.228
n0.261_1.35 -224.554 1.4742 -0.4882 0.073956 103.044 12.4898 2370.95 70.0801
n0.261_1.50 -221.2 1.14124 -0.576233 0.0625908 106.379 11.0755 1945.7 53.0758
n0.261_1.65 -222.87 0.86489 -0.469667 0.0792647 153.914 11.4372 2204.16 65.058
n0.261_1.80 -223.091 2.06422 -0.573767 0.198378 99.3516 10.4975 1802.86 60.5673
n0.261_1.95 -225.541 1.63109 -0.464567 0.204539 66.9044 11.0945 1669.48 51.34
n0.261_2.10 -223.098 2.34604 -0.611667 0.0885262 46.7196 9.8904 1980.01 76.4856
n0.261_2.25 -222.792 1.38821 -0.601 0.0734484 50.2472 6.72702 1697.44 86.9156
n0.261_2.40 -223.534 2.27063 -0.593967 0.0773576 38.0055 7.16891 962.004 56.3293
n0.261_2.55 -224.13 0.764683 -0.599533 0.044488 61.86 8.01419 1268.96 61.993
n0.261_2.70 -225.798 0.999074 -0.5747 0.0933094 82.2558 12.9915 2404 88.9049
n0.261_2.85 -226.266 1.74608 -0.507133 0.101976 91.3415 12.9821 2820.28 98.5646
n0.261_3.00 -225.522 1.13221 -0.6182 0.055697 138.999 14.3376 3982.41 153.068
n0.261_3.15 -225.332 1.4757 -0.579933 0.0528412 144.707 15.8028 3565.21 83.0703
n0.261_3.30 -223.573 0.976094 -0.515633 0.0342374 189.164 13.0269 3024.52 77.7573
n0.261_3.45 -224.091 0.131193 -0.4719 0.0134978 806.422 25.0646 14668.2 241.041
n0.261_3.60 -224.012 0.0964526 -0.545167 0.022188 1983.87 39.2314 37788.7 349.128
n0.261_3.75 -223.431 0.172158 -0.518433 0.0185404 1426.99 36.0825 28782.3 288.944
n0.261_3.90 -223.248 0.28449 -0.504267 0.0196128 942.515 35.4291 20086.3 280.011
n0.261_4.05 -224.907 0.93524 -0.444733 0.0458555 402.73 22.0147 7044.76 156.066
n0.261_4.20 -223.576 0.586176 -0.4984 0.0322166 167.572 13.6479 2794.23 97.2082
n0.261_4.35 -224.592 3.35878 -0.508367 0.121973 47.8406 7.79574 1020.71 35.1096
n0.261_4.50 -230.1 6.58681 -0.3048 0.242534 38.9855 6.57313 1162.94 54.7798
n0.261_4.65 -233.501 2.81706 -0.293967 0.198825 138.716 17.4847 3527.43 68.0532
n0.261_4.80 -224.134 0.459025 -0.552467 0.0918977 659.083 35.6811 17506.4 215.088
n0.261_4.95 -224.393 0.387409 -0.4409 0.063595 760.561 34.8173 20465.2 229.824
n0.261_5.10 -227.039 0.696519 -0.642267 0.044584 152.158 16.1493 4934.03 103.857
n0.261_5.25 -228.415 1.48214 -0.506833 0.0667006 158.338 17.6961 4775.74 100.117
n0.261_5.40 -223.787 0.362752 -0.5534 0.0179139 700.887 27.1442 13188.6 182.626
n0.261_5.55 -223.53 0.243037 -0.5493 0.0130936 782.93 25.6393 14463.4 183.526
n0.261_5.70 -223.508 0.355852 -0.515667 0.0209656 374.557 19.6556 7146.64 174.425
n0.261_5.85 -222.188 1.01597 -0.451433 0.0539519 130.517 13.4547 2509.61 81.0675
n0.392_0 -222.534 1.78147 -0.354 0.118787 19.619 3.89325 262.452 17.4117
n0.392_0.17 -224.094 1.7712 -0.3566 0.116017 31.7636 4.23461 414.426 30.7836
n0.392_0.34 -224.142 3.69179 -0.478667 0.123071 47.9071 7.26776 670.38 41.1895
n0.392_0.51 -222.284 2.44323 -0.528967 0.0886089 71.9471 10.1659 1218.57 45.6708
n0.392_0.68 -221.197 0.692281 -0.506267 0.0544144 129.914 11.9466 1434.18 43.4921
n0.392_0.85 -221.804 0.605567 -0.548467 0.0533752 185.324 12.9139 2517.27 65.4325
n0.392_1.02 -223.059 0.446491 -0.5258 0.030446 248.602 15.8838 3761.41 89.493
n0.392_1.19 -223.821 1.05434 -0.527833 0.0951821 179.553 15.1341 3536.41 105.702
n0.392_1.36 -224.113 2.40729 -0.5464 0.0992514 116.704 12.3974 2217.27 67.836
n0.392_1.53 -221.827 0.646256 -0.555067 0.0346813 112.537 11.7444 1959.66 54.3614
n0.392_1.70 -222.637 0.566472 -0.503633 0.0348626 121.819 11.198 1940.82 57.6707
n0.392_1.87 -222.468 1.0554 -0.550833 0.0537243 53.7551 7.28697 928.683 41.1549
n0.392_2.04 -224.011 1.15713 -0.624433 0.0728918 48.7814 8.0179 1086 48.72
n0.392_2.21 -222.377 2.76289 -0.544767 0.120256 32.984 6.60939 777.726 43.3139
n0.392_2.38 -222.448 0.404148 -0.537367 0.0619661 55.1095 8.87216 1181.99 50.1936
n0.392_2.55 -222.944 0.533487 -0.5392 0.0714989 78.4595 12.1846 2807.85 72.6904
n0.392_2.72 -225.289 1.5442 -0.2742 0.192891 94.0338 12.5072 3107.42 70.192
n0.392_2.89 -224.453 0.97159 -0.492767 0.109504 47.401 6.45185 800.984 34.5569
n0.392_3.06 -233.9 6.06914 -0.294133 0.198528 97.5713 12.9724 2785.16 55.0902
n0.392_3.23 -221.377 2.52325 -0.646867 0.076063 211.186 17.9407 4218.66 74.9932
n0.392_3.40 -224.597 4.10394 -0.4775 0.139186 185.567 13.5514 3008.95 79.3393
n0.392_3.57 -222.668 0.231077 -0.532233 0.0138135 256.279 16.2888 4408.39 84.8082
n0.392_3.74 -223.949 0.206426 -0.472667 0.0296966 628.529 23.2528 12042.7 183.997
n0.392_3.91 -223.784 0.221012 -0.4902 0.0217875 790.499 26.7866 15222.6 232.718
n0.392_4.08 -223.226 0.620324 -0.532533 0.0406323 330.16 19.6979 6112.99 141.837
n0.392_4.25 -223.65 1.20008 -0.536067 0.062303 101.303 10.8276 1859.95 67.4339
n0.392_4.42 -229.571 4.05407 -0.4022 0.171856 29.7782 5.3234 414.488 37.44
n0.392_4.59 -227.991 4.93649 -0.435733 0.23365 30.0003 3.2879 382.349 40.2266
n0.392_4.76 -224.228 0.73709 -0.2084 0.135171 341.509 21.5849 7585.42 176.399
n0.392_4.93 -224.29 0.58748 -0.3626 0.163886 369.051 21.2229 9422.48 152.749
n0.392_5.10 -224.095 3.13566 -0.5917 0.0945648 70.4353 9.65339 2400.84 94.8263
n0.392_5.27 -227.673 1.82435 -0.507367 0.0773335 93.5976 13.7604 1958.65 69.9019
n0.392_5.44 -223.582 0.854956 -0.516233 0.0446574 221.327 16.4508 3923.13 103.179
n0.392_5.61 -222.97 1.25543 -0.535933 0.0519262 175.24 12.382 2739.31 73.3252
n0.392_5.78 -223.881 3.36229 -0.555533 0.105717 117.749 12.2996 2571.79 81.6642
n0.392_5.95 -226.847 7.98563 -0.4805 0.237561 102.423 10.334 2486.09 73.4978
n0.523_0 -223.168 1.80961 -0.525167 0.188449 35.2322 6.65532 806.312 42.7245
n0.523_0.19 -220.499 2.75571 -0.559567 0.143878 33.5765 4.81031 465.349 34.2432
n0.523_0.38 -224.883 4.26165 -0.414167 0.150094 39.8115 6.61983 618.22 31.6331
n0.523_0.57 -219.95 1.14609 -0.599833 0.0493657 99.5288 10.5871 1454.94 51.7376
n0.523_0.76 -222.917 4.01209 -0.546467 0.15851 89.0372 11.2589 1561.09 70.0888
n0.523_0.95 -221.696 1.18594 -0.645733 0.0650456 94.5468 9.73141 1513.68 66.9109
n0.523_1.14 -222.38 0.565928 -0.671633 0.0303524 114.304 12.2514 2104.54 68.073
n0.523_1.33 -223.462 1.94713 -0.540433 0.0787232 115.337 12.7663 2093.07 61.3524
n0.523_1.52 -221.242 0.453171 -0.555567 0.039524 126.735 10.5164 2499.86 89.1434
n0.523_1.71 -221.649 0.754436 -0.5884 0.0387544 126.171 13.5869 2415.56 62.7162
n0.523_1.90 -223.555 1.25901 -0.5609 0.0472192 101.099 10.2346 1642.86 50.1625
n0.523_2.09 -222.592 1.40935 -0.5897 0.0661612 41.5181 7.65737 944.329 32.838
n0.523_2.28 -222.303 2.31485 -0.3491 0.150641 29.2831 5.16493 549.011 32.8909
n0.523_2.47 -224.173 4.32831 -0.541967 0.145955 36.0205 6.24816 894.052 36.8858
n0.523_2.66 -224.583 2.86323 -0.4753 0.171664 52.0933 9.01673 1893.89 52.3941
n0.523_2.85 -223.34 1.5143 -0.5316 0.0723761 49.9764 6.05014 693.233 25.8365
n0.523_3.04 -228.662 6.7778 -0.471067 0.208125 20.8682 4.60821 281.624 21.5628
n0.523_3.23 -230.207 7.2001 -0.376833 0.221527 128.778 11.3562 2139.6 63.4315
n0.523_3.42 -222.889 2.29951 -0.5409 0.0717193 159.391 13.0609 2537.42 75.2546
n0.523_3.61 -218.762 1.31706 -0.672533 0.0427354 188.297 16.3373 3464.69 98.1956
n0.523_3.80 -223.22 0.673475 -0.500433 0.0239864 191.615 15.679 3956.63 93.8474
n0.523_3.99 -222.985 0.53459 -0.512733 0.0441776 193.344 15.9737 3712.55 102.758
n0.523_4.18 -220.089 1.59865 -0.599667 0.0701918 63.1321 10.4838 1553.24 73.7497
n0.523_4.37 -226.671 6.60499 -0.3976 0.237974 17.6823 3.99268 369.891 31.569
n0.523_4.56 -231.728 8.11563 -0.575333 0.18453 15.7116 3.19947 214.534 26.9802
n0.523_4.75 -228.786 4.21393 -0.283733 0.18669 14.2666 2.62881 118.129 10.6034
n0.523_4.94 -228.683 6.82431 -0.503033 0.216615 22.1495 3.43881 308.412 20.0828
n0.523_5.13 -233.13 6.03461 -0.324067 0.190828 10.8379 2.71562 98.4335 10.8053
n0.523_5.32 -228.517 4.04486 -0.386833 0.259936 19.2365 3.41238 262.894 32.2114
n0.523_5.51 -226.274 1.51231 -0.351267 0.103926 62.5392 7.70872 1064.91 53.5309
n0.523_5.70 -223.857 1.74955 -0.5485 0.0738427 109.389 11.6331 1864.38 60.4719
n0.523_5.89 -223.297 3.30315 -0.566833 0.105797 98.7541 10.7199 2036.73 69.1057
n0.654_0 -221.348 1.38438 -0.5695 0.109283 44.3052 7.32586 771.594 32.6554
n0.654_0.22 -227.041 6.27437 -0.315333 0.206812 25.9562 4.31853 338.779 23.4083
n0.654_0.44 -220.563 3.79519 -0.556467 0.150065 77.6365 9.01086 1327.04 50.7944
n0.654_0.66 -219.043 1.84771 -0.659067 0.0629412 119.01 11.7295 2102.87 70.7431
n0.654_0.88 -223.408 4.37764 -0.4571 0.158052 78.9678 8.37893 1305.61 73.0372
n0.654_1.10 -221.513 0.690548 -0.619267 0.0294335 82.7449 8.81006 1426.48 42.115
n0.654_1.32 -222.513 1.22873 -0.5417 0.0470232 89.2689 9.85666 1595.57 52.3749
n0.654_1.54 -223.356 0.830305 -0.468733 0.045857 103.58 11.2685 1856.29 86.751
n0.654_1.76 -222.694 0.950873 -0.5463 0.0422324 126.1 14.1871 2330.01 67.628
n0.654_1.98 -222.886 2.89665 -0.5506 0.0855444 82.1139 9.8117 1735.65 56.6746
n0.654_2.20 -222.025 3.08308 -0.5204 0.111554 33.1121 5.27028 562.982 28.9564
n0.654_2.42 -226.207 6.48852 -0.4561 0.272673 20.6402 3.69783 326.26 23.7067
n0.654_2.64 -231.774 5.63793 -0.2778 0.233784 19.4296 3.91971 308.715 20.3354
n0.654_2.86 -222.986 4.90311 -0.515567 0.15612 32.4941 5.2285 531.669 23.3405
n0.654_3.08 -224.433 3.45954 -0.490567 0.121524 33.8484 6.54202 511.852 16.8866
n0.654_3.30 -228.824 6.15262 -0.344067 0.189415 46.1383 8.1994 1009.56 45.8805
n0.654_3.52 -222.386 1.41043 -0.573433 0.0438377 151.949 14.4044 2924.56 86.0558
n0.654_3.74 -220.15 0.702581 -0.6152 0.0274899 252.716 17.5297 5048.25 107.496
n0.654_3.96 -222.466 0.781846 -0.518767 0.040988 161.552 15.9028 3104.04 90.1771
n0.654_4.18 -222.067 0.521977 -0.5751 0.0294311 97.802 10.9716 1564.37 65.7425
n0.654_4.40 -224.199 0.70631 -0.511667 0.0415157 47.9364 7.82043 780.724 42.7459
n0.654_4.62 -221.923 3.27089 -0.421533 0.105099 32.8799 5.50153 546.8 29.7426
n0.654_4.84 -227.927 6.55407 -0.433633 0.172293 30.8437 5.8301 405.534 21.4468
n0.654_5.06 -226.435 5.79831 -0.297533 0.175886 9.41249 2.21306 96.5941 9.45027
n0.654_5.28 -224.766 3.24671 -0.516433 0.110557 24.554 5.07684 414.738 28.2209
n0.654_5.50 -224.216 2.10869 -0.612433 0.0731137 63.522 8.28074 1267.45 43.7824
n0.654_5.72 -222.494 0.579734 -0.599133 0.0299864 99.1604 10.9135 1637.24 53.6232
n0.654_5.94 -225.526 2.6215 -0.387633 0.09549 54.6899 7.26353 785.418 33.9564
n0.785_0 -222.731 0.822752 -0.544867 0.0754832 49.901 7.3232 881.349 46.4818
n0.785_0.26 -220.611 3.86692 -0.546933 0.141382 40.6526 6.1348 672.19 35.0426
n0.785_0.52 -222.279 6.43314 -0.563367 0.166016 40.35 7.74346 1109.06 56.088
n0.785_0.78 -219.431 2.34555 -0.565167 0.0947891 79.6622 10.5731 1350.7 63.0411
n0.785_1.04 -220.583 1.35227 -0.589467 0.0462635 80.7919 9.75429 1494.54 62.3211
n0.785_1.30 -224.198 2.64566 -0.425333 0.112774 38.2544 7.11293 726.075 26.3968
n0.785_1.56 -225.808 1.78322 -0.357567 0.0825866 82.051 9.27997 1275.77 44.9798
n0.785_1.82 -223.402 0.961855 -0.492167 0.0452361 115.17 12.4065 2608.77 81.2444
n0.785_2.08 -222.394 3.19309 -0.547333 0.127043 67.8085 7.43264 814.818 32.088
n0.785_2.34 -223.806 4.43534 -0.524 0.20593 46.3454 7.29023 684.467 32.5635
n0.785_2.60 -223.405 3.60142 -0.5436 0.126105 30.5154 5.61709 584.812 33.5052
n0.785_2.86 -223.667 6.76502 -0.502967 0.202006 31.7797 6.15202 490.684 27.4419
n0.785_3.12 -224.871 3.14395 -0.5159 0.10822 44.1236 7.72808 779.703 27.3131
n0.785_3.38 -223.743 1.12239 -0.521067 0.0462168 65.8956 8.39037 1024.77 40.5997
n0.785_3.64 -224.083 0.998765 -0.5173 0.0392935 180.399 16.5584 3985.45 87.3665
n0.785_3.90 -222.132 0.585391 -0.554467 0.0238184 220.898 18.9971 4223.48 103.2
n0.785_4.16 -223.296 1.0963 -0.511933 0.0382857 124.736 13.696 2119.98 59.9514
n0.785_4.42 -223.99 0.734544 -0.490867 0.033025 67.7745 9.33493 1137.2 43.8118
n0.785_4.68 -223.301 1.81369 -0.516767 0.065282 57.0646 8.14612 934.777 33.5855
n0.785_4.94 -223.48 4.06042 -0.542333 0.145367 39.3582 7.34752 685.576 37.5828
n0.785_5.20 -223.217 5.35453 -0.606633 0.15626 31.9234 5.87801 672.797 37.0206
n0.785_5.46 -223.915 0.885895 -0.650733 0.0378496 63.7377 9.74197 1649.8 63.8066
n0.785_5.72 -224.325 2.79284 -0.580367 0.0752812 44.0111 8.28874 1399.56 52.0149
n0.785_5.98 -222.406 1.54298 -0.5619 0.086569 44.7167 7.05367 1081.12 53.6603
n0.915_0 -223.248 2.43483 -0.5151 0.0738164 39.7441 7.16092 900.146 55.5087
n0.915_0.31 -224.487 3.45232 -0.479033 0.112732 37.8493 5.81828 619.451 32.9995
n0.915_0.62 -223.424 1.58447 -0.447267 0.0867798 57.9802 7.71429 1055.97 71.0402
n0.915_0.93 -220.077 1.24513 -0.5925 0.0735261 68.9261 8.56603 1391.28 68.4992
n0.915_1.24 -219.929 0.855351 -0.5815 0.0637658 63.5273 9.6705 964.007 37.6662
n0.915_1.55 -225.665 2.53286 -0.423633 0.128434 59.7713 9.32267 1342.21 63.1528
n0.915_1.86 -224.688 1.52011 -0.3969 0.0700727 95.8007 11.1608 2248.36 79.5953
n0.915_2.17 -227.066 4.03984 -0.365467 0.157924 52.062 8.49957 868.063 32.1639
n0.915_2.48 -226.82 2.78289 -0.386467 0.131907 37.2738 7.08262 599.015 29.9898
n0.915_2.79 -224.863 2.19175 -0.518733 0.0849482 34.3842 6.14064 524.111 22.079
n0.915_3.10 -223.853 3.33907 -0.524133 0.137853 53.7154 8.66676 1155.93 41.2378
n0.915_3.41 -223.74 0.425308 -0.520833 0.0315115 117.986 12.5771 1944.59 64.587
n0.915_3.72 -224.386 0.392725 -0.4838 0.0192049 227.387 15.6829 3658.69 98.9755
n0.915_4.03 -223.275 0.552638 -0.520967 0.025671 178.218 15.2054 3435.8 90.523
n0.915_4.34 -225.2 1.79812 -0.393833 0.0874355 47.5008 7.93104 880.262 43.1954
n0.915_4.65 -222.283 0.899407 -0.5404 0.0446278 44.3192 5.99228 743.314 39.4519
n0.915_4.96 -223.638 3.69691 -0.412267 0.215257 31.5296 5.49693 766.154 37.5106
n0.915_5.27 -222.991 2.72632 -0.628333 0.129309 34.4327 6.02926 732.849 36.5497
n0.915_5.58 -226.475 2.66529 -0.418733 0.183585 45.9313 7.43884 1329.1 53.4617
n0.915_5.89 -226.783 0.470883 -0.434167 0.0340241 457.813 27.0696 11888.9 186.915
n1.046_0 -222.719 3.00003 -0.5423 0.140062 29.8506 6.27561 828.649 71.6864
n1.046_0.39 -218.02 1.40065 -0.514 0.0924788 75.8076 8.09066 1393.89 81.4396
n1.046_0.78 -219.477 2.77233 -0.595367 0.095054 77.7642 9.56982 1475.03 65.9635
n1.046_1.17 -219.885 0.612197 -0.646033 0.0298161 84.3466 9.63925 1410.01 60.0727
n1.046_1.56 -220.145 1.93379 -0.571367 0.078091 54.3365 10.2649 994.728 71.1534
n1.046_1.95 -221.955 3.45921 -0.5205 0.123389 67.1099 8.92639 1309.87 55.4852
n1.046_2.34 -220.911 1.82961 -0.617867 0.0644219 57.2589 8.28943 823.747 31.9957
n1.046_2.73 -223.157 3.99336 -0.449133 0.158919 37.5968 6.484 791.019 31.033
n1.046_3.12 -222.855 3.79179 -0.6109 0.154978 66.4208 9.46018 1649.57 57.1531
n1.046_3.51 -223.441 0.416821 -0.497167 0.0268509 124.551 14.1006 2314.58 62.1904
n1.046_3.90 -222.313 0.563484 -0.514333 0.0314678 125.532 14.9359 2964.06 89.1463
n1.046_4.29 -232.648 8.69198 -0.3413 0.24364 21.9868 3.41083 306.627 25.0993
n1.046_4.68 -222.323 1.37221 -0.593267 0.0635678 51.9967 6.98728 817.683 38.578
n1.046_5.07 -226.111 7.0082 -0.4528 0.284571 45.1008 8.10419 870.242 45.0672
n1.046_5.46 -227.281 2.81521 -0.525933 0.163033 26.8219 4.70947 681.702 43.125
n1.046_5.85 -226.677 0.432989 -0.434167 0.0320776 448.775 26.0172 10948.7 172.743
n1.177_0 -221.809 0.886814 -0.502733 0.0603959 76.6412 9.01013 1721.78 109.432
n1.177_0.52 -217.23 1.37416 -0.593267 0.0713176 87.6149 8.99624 1729.2 96.8428
n1.177_1.04 -223.153 0.634114 -0.511033 0.0233738 114.168 11.6832 2290.96 70.1012
n1.177_1.56 -221.988 1.53956 -0.526833 0.0653833 92.7519 10.9513 1976.53 97.6128
n1.177_2.08 -220.716 2.10273 -0.528433 0.0866049 60.9841 9.27388 954.877 42.4093
n1.177_2.60 -224.215 11.5589 -0.255533 0.312649 36.8787 5.92998 858.496 40.7905
n1.177_3.12 -221.522 3.67933 -0.5725 0.115597 47.6425 7.89166 1181.02 45.8266
n1.177_3.64 -220.784 2.53471 -0.485367 0.0856384 83.7283 13.1601 1683.09 51.2804
n1.177_4.16 -226.389 7.48008 -0.3115 0.181536 16.8435 4.14259 247.156 22.6313
n1.177_4.68 -222.539 4.12565 -0.595567 0.146452 28.2633 5.0644 580.13 28.8886
n1.177_5.20 -226.525 5.29397 -0.452367 0.228805 43.7076 7.63476 1000.34 56.3415
n1.177_5.72 -222.258 0.809299 -0.543967 0.0442214 67.0341 8.37761 1264.36 62.4321
n1.308_0 -222.367 1.45264 -0.500567 0.0825842 51.48 6.63522 863.267 69.6268
n1.308_0.78 -221.609 1.30721 -0.458067 0.0500273 53.4756 9.05488 1052.78 44.8141
n1.308_1.56 -222.387 1.18093 -0.505033 0.0477081 74.5073 10.5822 1704.24 88.9495
n1.308_2.34 -220.364 3.40124 -0.5166 0.112454 48.4333 8.29497 974.823 49.4092
n1.308_3.12 -220.276 0.645056 -0.517367 0.0315352 110.737 11.0323 1811.34 66.6295
n1.308_3.90 -218.891 1.54456 -0.614567 0.0827624 40.8626 5.68588 477.575 27.9368
n1.308_4.68 -228.67 6.2588 -0.291467 0.21383 12.1367 2.21111 219.402 16.9895
n1.308_5.46 -220.809 1.70839 -0.537233 0.0663185 36.8139 4.57948 536.289 30.3932
n1.439_0 -224.49 6.78991 -0.414 0.163869 17.7554 3.33642 348.483 26.6244
n1.439_1.57 -220.239 2.60213 -0.549633 0.0866822 41.7182 7.56007 904.064 51.2313
n1.439_3.14 -220.874 0.388184 -0.461633 0.0252045 119.393 8.82827 1804.61 61.9015
n1.439_4.71 -223.334 2.09083 -0.4897 0.0971938 22.3502 3.47716 375.815 32.6631
n1.571_0 -222.116 2.28468 -0.4886 0.122715 29.3079 4.82788 399.46 42.9616
