364 1367
363 1361
362 1355
361 1349
360 1343
359 1337
358 1331
357 1325
356 1319
355 1313
354 1307
353 1301
352 1295
351 1289
350 1283
349 1277
348 1272
347 1266
346 1260
345 1254
344 1248
343 1243
342 1237
341 1231
340 1225
339 1220
338 1214
337 1208
336 1203
335 1197
334 1191
333 1186
332 1180
331 1174
330 1169
329 1163
328 1158
327 1152
326 1146
325 1141
324 1135
323 1130
322 1124
321 1119
320 1113
319 1108
318 1102
317 1097
316 1091
315 1086
314 1081
313 1075
312 1070
311 1064
310 1059
309 1054
308 1048
307 1043
306 1038
305 1032
304 1027
303 1022
302 1016
301 1011
300 1006
299 1000
298 995
297 990
296 985
295 980
294 974
293 969
292 964
291 959
290 954
289 948
288 943
287 938
286 933
285 928
284 923
283 918
282 913
281 908
280 902
279 897
278 892
277 887
276 882
275 877
274 872
273 867
272 862
271 857
270 852
269 847
268 842
267 837
266 832
265 827
264 823
263 818
262 813
261 808
260 803
259 798
258 793
257 788
256 784
255 779
254 774
253 769
252 764
251 760
250 755
249 750
248 745
247 741
246 736
245 732
244 727
243 722
242 718
241 713
240 708
239 704
238 699
237 695
236 690
235 686
234 682
233 677
232 673
231 669
230 666
229 662
228 658
227 654
226 650
225 647
224 643
223 639
222 636
221 632
220 628
219 624
218 621
217 617
216 613
215 610
214 606
213 602
212 599
211 595
210 591
209 588
208 584
207 580
206 577
205 573
204 570
203 566
202 562
201 559
200 555
199 552
198 548
197 545
196 541
195 538
194 534
193 531
192 527
191 524
190 521
189 517
188 514
187 510
186 507
185 504
184 500
183 497
182 494
181 490
180 487
179 484
178 481
177 477
176 474
175 471
174 468
173 464
172 461
171 458
170 455
169 452
168 448
167 445
166 442
165 439
164 436
163 432
162 429
161 426
160 423
159 420
158 417
157 414
156 411
155 408
154 405
153 402
152 399
151 396
150 393
149 390
148 387
147 384
146 381
145 378
144 376
143 373
142 370
141 367
140 364
139 361
138 359
137 356
136 353
135 350
134 347
133 344
132 341
131 339
130 336
129 333
128 330
127 327
126 324
125 322
124 319
123 316
122 313
121 310
120 307
119 305
118 302
117 299
116 296
115 293
114 291
113 288
112 285
111 282
110 279
109 277
108 274
107 271
106 268
105 265
104 263
103 260
102 257
101 254
100 251
99 249
98 246
97 243
96 240
95 237
94 235
93 232
92 229
91 226
90 224
89 221
88 218
87 216
86 213
85 211
84 208
83 206
82 203
81 200
80 198
79 195
78 193
77 190
76 188
75 185
74 182
73 180
72 177
71 175
70 172
69 170
68 167
67 164
66 162
65 159
64 157
63 154
62 151
61 149
60 146
59 144
58 141
57 139
56 136
55 133
54 131
53 128
52 126
51 123
50 120
49 118
48 115
47 113
46 110
45 107
44 105
43 102
42 100
41 97
40 95
39 92
38 89
37 87
36 84
35 82
34 79
33 76
32 74
31 71
30 69
29 66
28 63
27 61
26 58
25 56
24 53
23 50
22 48
21 45
20 43
19 40
18 37
17 35
16 32
15 29
14 27
13 24
12 22
11 20
10 18
9 16
