364	1367
363.9	1366.4
363.8	1365.8
363.7	1365.2
363.6	1364.6
363.5	1364
363.4	1363.4
363.3	1362.8
363.2	1362.2
363.1	1361.6
363	1361
362.9	1360.4
362.8	1359.8
362.7	1359.2
362.6	1358.6
362.5	1358
362.4	1357.4
362.3	1356.8
362.2	1356.2
362.1	1355.6
362	1355
361.9	1354.4
361.8	1353.8
361.7	1353.2
361.6	1352.6
361.5	1352
361.4	1351.4
361.3	1350.8
361.2	1350.2
361.1	1349.6
361	1349
360.9	1348.4
360.8	1347.8
360.7	1347.2
360.6	1346.6
360.5	1346
360.4	1345.4
360.3	1344.8
360.2	1344.2
360.1	1343.6
360	1343
359.9	1342.4
359.8	1341.8
359.7	1341.2
359.6	1340.6
359.5	1340
359.4	1339.4
359.3	1338.8
359.2	1338.2
359.1	1337.6
359	1337
358.9	1336.4
358.8	1335.8
358.7	1335.2
358.6	1334.6
358.5	1334
358.4	1333.4
358.3	1332.8
358.2	1332.2
358.1	1331.6
358	1331
357.9	1330.4
357.8	1329.8
357.7	1329.2
357.6	1328.6
357.5	1328
357.4	1327.4
357.3	1326.8
357.2	1326.2
357.1	1325.6
357	1325
356.9	1324.4
356.8	1323.8
356.7	1323.2
356.6	1322.6
356.5	1322
356.4	1321.4
356.3	1320.8
356.2	1320.2
356.1	1319.6
356	1319
355.9	1318.4
355.8	1317.8
355.7	1317.2
355.6	1316.6
355.5	1316
355.4	1315.4
355.3	1314.8
355.2	1314.2
355.1	1313.6
355	1313
354.9	1312.4
354.8	1311.8
354.7	1311.2
354.6	1310.6
354.5	1310
354.4	1309.4
354.3	1308.8
354.2	1308.2
354.1	1307.6
354	1307
353.9	1306.4
353.8	1305.8
353.7	1305.2
353.6	1304.6
353.5	1304
353.4	1303.4
353.3	1302.8
353.2	1302.2
353.1	1301.6
353	1301
352.9	1300.4
352.8	1299.8
352.7	1299.2
352.6	1298.6
352.5	1298
352.4	1297.4
352.3	1296.8
352.2	1296.2
352.1	1295.6
352	1295
351.9	1294.4
351.8	1293.8
351.7	1293.2
351.6	1292.6
351.5	1292
351.4	1291.4
351.3	1290.8
351.2	1290.2
351.1	1289.6
351	1289
350.9	1288.4
350.8	1287.8
350.7	1287.2
350.6	1286.6
350.5	1286
350.4	1285.4
350.3	1284.8
350.2	1284.2
350.1	1283.6
350	1283
349.9	1282.4
349.8	1281.8
349.7	1281.2
349.6	1280.6
349.5	1280
349.4	1279.4
349.3	1278.8
349.2	1278.2
349.1	1277.6
349	1277
348.9	1276.428
348.8	1275.904
348.7	1275.416
348.6	1274.952
348.5	1274.5
348.4	1274.048
348.3	1273.584
348.2	1273.096
348.1	1272.572
348	1272
347.9	1271.4
347.8	1270.8
347.7	1270.2
347.6	1269.6
347.5	1269
347.4	1268.4
347.3	1267.8
347.2	1267.2
347.1	1266.6
347	1266
346.9	1265.4
346.8	1264.8
346.7	1264.2
346.6	1263.6
346.5	1263
346.4	1262.4
346.3	1261.8
346.2	1261.2
346.1	1260.6
346	1260
345.9	1259.4
345.8	1258.8
345.7	1258.2
345.6	1257.6
345.5	1257
345.4	1256.4
345.3	1255.8
345.2	1255.2
345.1	1254.6
345	1254
344.9	1253.4
344.8	1252.8
344.7	1252.2
344.6	1251.6
344.5	1251
344.4	1250.4
344.3	1249.8
344.2	1249.2
344.1	1248.6
344	1248
343.9	1247.428
343.8	1246.904
343.7	1246.416
343.6	1245.952
343.5	1245.5
343.4	1245.048
343.3	1244.584
343.2	1244.096
343.1	1243.572
343	1243
342.9	1242.4
342.8	1241.8
342.7	1241.2
342.6	1240.6
342.5	1240
342.4	1239.4
342.3	1238.8
342.2	1238.2
342.1	1237.6
342	1237
341.9	1236.4
341.8	1235.8
341.7	1235.2
341.6	1234.6
341.5	1234
341.4	1233.4
341.3	1232.8
341.2	1232.2
341.1	1231.6
341	1231
340.9	1230.4
340.8	1229.8
340.7	1229.2
340.6	1228.6
340.5	1228
340.4	1227.4
340.3	1226.8
340.2	1226.2
340.1	1225.6
340	1225
339.9	1224.428
339.8	1223.904
339.7	1223.416
339.6	1222.952
339.5	1222.5
339.4	1222.048
339.3	1221.584
339.2	1221.096
339.1	1220.572
339	1220
338.9	1219.4
338.8	1218.8
338.7	1218.2
338.6	1217.6
338.5	1217
338.4	1216.4
338.3	1215.8
338.2	1215.2
338.1	1214.6
338	1214
337.9	1213.4
337.8	1212.8
337.7	1212.2
337.6	1211.6
337.5	1211
337.4	1210.4
337.3	1209.8
337.2	1209.2
337.1	1208.6
337	1208
336.9	1207.428
336.8	1206.904
336.7	1206.416
336.6	1205.952
336.5	1205.5
336.4	1205.048
336.3	1204.584
336.2	1204.096
336.1	1203.572
336	1203
335.9	1202.4
335.8	1201.8
335.7	1201.2
335.6	1200.6
335.5	1200
335.4	1199.4
335.3	1198.8
335.2	1198.2
335.1	1197.6
335	1197
334.9	1196.4
334.8	1195.8
334.7	1195.2
334.6	1194.6
334.5	1194
334.4	1193.4
334.3	1192.8
334.2	1192.2
334.1	1191.6
334	1191
333.9	1190.428
333.8	1189.904
333.7	1189.416
333.6	1188.952
333.5	1188.5
333.4	1188.048
333.3	1187.584
333.2	1187.096
333.1	1186.572
333	1186
332.9	1185.4
332.8	1184.8
332.7	1184.2
332.6	1183.6
332.5	1183
332.4	1182.4
332.3	1181.8
332.2	1181.2
332.1	1180.6
332	1180
331.9	1179.4
331.8	1178.8
331.7	1178.2
331.6	1177.6
331.5	1177
331.4	1176.4
331.3	1175.8
331.2	1175.2
331.1	1174.6
331	1174
330.9	1173.4235
330.8	1172.888
330.7	1172.3845
330.6	1171.904
330.5	1171.4375
330.4	1170.976
330.3	1170.5105
330.2	1170.032
330.1	1169.5315
330	1169
329.9	1168.436
329.8	1167.848
329.7	1167.242
329.6	1166.624
329.5	1166
329.4	1165.376
329.3	1164.758
329.2	1164.152
329.1	1163.564
329	1163
328.9	1162.4685
328.8	1161.968
328.7	1161.4895
328.6	1161.024
328.5	1160.5625
328.4	1160.096
328.3	1159.6155
328.2	1159.112
328.1	1158.5765
328	1158
327.9	1157.4
327.8	1156.8
327.7	1156.2
327.6	1155.6
327.5	1155
327.4	1154.4
327.3	1153.8
327.2	1153.2
327.1	1152.6
327	1152
326.9	1151.4
326.8	1150.8
326.7	1150.2
326.6	1149.6
326.5	1149
326.4	1148.4
326.3	1147.8
326.2	1147.2
326.1	1146.6
326	1146
325.9	1145.4235
325.8	1144.888
325.7	1144.3845
325.6	1143.904
325.5	1143.4375
325.4	1142.976
325.3	1142.5105
325.2	1142.032
325.1	1141.5315
325	1141
324.9	1140.436
324.8	1139.848
324.7	1139.242
324.6	1138.624
324.5	1138
324.4	1137.376
324.3	1136.758
324.2	1136.152
324.1	1135.564
324	1135
323.9	1134.464
323.8	1133.952
323.7	1133.458
323.6	1132.976
323.5	1132.5
323.4	1132.024
323.3	1131.542
323.2	1131.048
323.1	1130.536
323	1130
322.9	1129.436
322.8	1128.848
322.7	1128.242
322.6	1127.624
322.5	1127
322.4	1126.376
322.3	1125.758
322.2	1125.152
322.1	1124.564
322	1124
321.9	1123.464
321.8	1122.952
321.7	1122.458
321.6	1121.976
321.5	1121.5
321.4	1121.024
321.3	1120.542
321.2	1120.048
321.1	1119.536
321	1119
320.9	1118.436
320.8	1117.848
320.7	1117.242
320.6	1116.624
320.5	1116
320.4	1115.376
320.3	1114.758
320.2	1114.152
320.1	1113.564
320	1113
319.9	1112.464
319.8	1111.952
319.7	1111.458
319.6	1110.976
319.5	1110.5
319.4	1110.024
319.3	1109.542
319.2	1109.048
319.1	1108.536
319	1108
318.9	1107.436
318.8	1106.848
318.7	1106.242
318.6	1105.624
318.5	1105
318.4	1104.376
318.3	1103.758
318.2	1103.152
318.1	1102.564
318	1102
317.9	1101.464
317.8	1100.952
317.7	1100.458
317.6	1099.976
317.5	1099.5
317.4	1099.024
317.3	1098.542
317.2	1098.048
317.1	1097.536
317	1097
316.9	1096.4315
316.8	1095.832
316.7	1095.2105
316.6	1094.576
316.5	1093.9375
316.4	1093.304
316.3	1092.6845
316.2	1092.088
316.1	1091.5235
316	1091
315.9	1090.5
315.8	1090
315.7	1089.5
315.6	1089
315.5	1088.5
315.4	1088
315.3	1087.5
315.2	1087
315.1	1086.5
315	1086
314.9	1085.5
314.8	1085
314.7	1084.5
314.6	1084
314.5	1083.5
314.4	1083
314.3	1082.5
314.2	1082
314.1	1081.5
314	1081
313.9	1080.4765
313.8	1079.912
313.7	1079.3155
313.6	1078.696
313.5	1078.0625
313.4	1077.424
313.3	1076.7895
313.2	1076.168
313.1	1075.5685
313	1075
312.9	1074.464
312.8	1073.952
312.7	1073.458
312.6	1072.976
312.5	1072.5
312.4	1072.024
312.3	1071.542
312.2	1071.048
312.1	1070.536
312	1070
311.9	1069.4315
311.8	1068.832
311.7	1068.2105
311.6	1067.576
311.5	1066.9375
311.4	1066.304
311.3	1065.6845
311.2	1065.088
311.1	1064.5235
311	1064
310.9	1063.5
310.8	1063
310.7	1062.5
310.6	1062
310.5	1061.5
310.4	1061
310.3	1060.5
310.2	1060
310.1	1059.5
310	1059
309.9	1058.5
309.8	1058
309.7	1057.5
309.6	1057
309.5	1056.5
309.4	1056
309.3	1055.5
309.2	1055
309.1	1054.5
309	1054
308.9	1053.472
308.8	1052.896
308.7	1052.284
308.6	1051.648
308.5	1051
308.4	1050.352
308.3	1049.716
308.2	1049.104
308.1	1048.528
308	1048
307.9	1047.5
307.8	1047
307.7	1046.5
307.6	1046
307.5	1045.5
307.4	1045
307.3	1044.5
307.2	1044
307.1	1043.5
307	1043
306.9	1042.5
306.8	1042
306.7	1041.5
306.6	1041
306.5	1040.5
306.4	1040
306.3	1039.5
306.2	1039
306.1	1038.5
306	1038
305.9	1037.472
305.8	1036.896
305.7	1036.284
305.6	1035.648
305.5	1035
305.4	1034.352
305.3	1033.716
305.2	1033.104
305.1	1032.528
305	1032
304.9	1031.5
304.8	1031
304.7	1030.5
304.6	1030
304.5	1029.5
304.4	1029
304.3	1028.5
304.2	1028
304.1	1027.5
304	1027
303.9	1026.5
303.8	1026
303.7	1025.5
303.6	1025
303.5	1024.5
303.4	1024
303.3	1023.5
303.2	1023
303.1	1022.5
303	1022
302.9	1021.472
302.8	1020.896
302.7	1020.284
302.6	1019.648
302.5	1019
302.4	1018.352
302.3	1017.716
302.2	1017.104
302.1	1016.528
302	1016
301.9	1015.5
301.8	1015
301.7	1014.5
301.6	1014
301.5	1013.5
301.4	1013
301.3	1012.5
301.2	1012
301.1	1011.5
301	1011
300.9	1010.5
300.8	1010
300.7	1009.5
300.6	1009
300.5	1008.5
300.4	1008
300.3	1007.5
300.2	1007
300.1	1006.5
300	1006
299.9	1005.472
299.8	1004.896
299.7	1004.284
299.6	1003.648
299.5	1003
299.4	1002.352
299.3	1001.716
299.2	1001.104
299.1	1000.528
299	1000
298.9	999.5
298.8	999
298.7	998.5
298.6	998
298.5	997.5
298.4	997
298.3	996.5
298.2	996
298.1	995.5
298	995
297.9	994.5
297.8	994
297.7	993.5
297.6	993
297.5	992.5
297.4	992
297.3	991.5
297.2	991
297.1	990.5
297	990
296.9	989.5
296.8	989
296.7	988.5
296.6	988
296.5	987.5
296.4	987
296.3	986.5
296.2	986
296.1	985.5
296	985
295.9	984.5
295.8	984
295.7	983.5
295.6	983
295.5	982.5
295.4	982
295.3	981.5
295.2	981
295.1	980.5
295	980
294.9	979.472
294.8	978.896
294.7	978.284
294.6	977.648
294.5	977
294.4	976.352
294.3	975.716
294.2	975.104
294.1	974.528
294	974
293.9	973.5
293.8	973
293.7	972.5
293.6	972
293.5	971.5
293.4	971
293.3	970.5
293.2	970
293.1	969.5
293	969
292.9	968.5
292.8	968
292.7	967.5
292.6	967
292.5	966.5
292.4	966
292.3	965.5
292.2	965
292.1	964.5
292	964
291.9	963.5
291.8	963
291.7	962.5
291.6	962
291.5	961.5
291.4	961
291.3	960.5
291.2	960
291.1	959.5
291	959
290.9	958.5
290.8	958
290.7	957.5
290.6	957
290.5	956.5
290.4	956
290.3	955.5
290.2	955
290.1	954.5
290	954
289.9	953.472
289.8	952.896
289.7	952.284
289.6	951.648
289.5	951
289.4	950.352
289.3	949.716
289.2	949.104
289.1	948.528
289	948
288.9	947.5
288.8	947
288.7	946.5
288.6	946
288.5	945.5
288.4	945
288.3	944.5
288.2	944
288.1	943.5
288	943
287.9	942.5
287.8	942
287.7	941.5
287.6	941
287.5	940.5
287.4	940
287.3	939.5
287.2	939
287.1	938.5
287	938
286.9	937.5
286.8	937
286.7	936.5
286.6	936
286.5	935.5
286.4	935
286.3	934.5
286.2	934
286.1	933.5
286	933
285.9	932.5
285.8	932
285.7	931.5
285.6	931
285.5	930.5
285.4	930
285.3	929.5
285.2	929
285.1	928.5
285	928
284.9	927.5
284.8	927
284.7	926.5
284.6	926
284.5	925.5
284.4	925
284.3	924.5
284.2	924
284.1	923.5
284	923
283.9	922.5
283.8	922
283.7	921.5
283.6	921
283.5	920.5
283.4	920
283.3	919.5
283.2	919
283.1	918.5
283	918
282.9	917.5
282.8	917
282.7	916.5
282.6	916
282.5	915.5
282.4	915
282.3	914.5
282.2	914
282.1	913.5
282	913
281.9	912.5
281.8	912
281.7	911.5
281.6	911
281.5	910.5
281.4	910
281.3	909.5
281.2	909
281.1	908.5
281	908
280.9	907.472
280.8	906.896
280.7	906.284
280.6	905.648
280.5	905
280.4	904.352
280.3	903.716
280.2	903.104
280.1	902.528
280	902
279.9	901.5
279.8	901
279.7	900.5
279.6	900
279.5	899.5
279.4	899
279.3	898.5
279.2	898
279.1	897.5
279	897
278.9	896.5
278.8	896
278.7	895.5
278.6	895
278.5	894.5
278.4	894
278.3	893.5
278.2	893
278.1	892.5
278	892
277.9	891.5
277.8	891
277.7	890.5
277.6	890
277.5	889.5
277.4	889
277.3	888.5
277.2	888
277.1	887.5
277	887
276.9	886.5
276.8	886
276.7	885.5
276.6	885
276.5	884.5
276.4	884
276.3	883.5
276.2	883
276.1	882.5
276	882
275.9	881.5
275.8	881
275.7	880.5
275.6	880
275.5	879.5
275.4	879
275.3	878.5
275.2	878
275.1	877.5
275	877
274.9	876.5
274.8	876
274.7	875.5
274.6	875
274.5	874.5
274.4	874
274.3	873.5
274.2	873
274.1	872.5
274	872
273.9	871.5
273.8	871
273.7	870.5
273.6	870
273.5	869.5
273.4	869
273.3	868.5
273.2	868
273.1	867.5
273	867
272.9	866.5
272.8	866
272.7	865.5
272.6	865
272.5	864.5
272.4	864
272.3	863.5
272.2	863
272.1	862.5
272	862
271.9	861.5
271.8	861
271.7	860.5
271.6	860
271.5	859.5
271.4	859
271.3	858.5
271.2	858
271.1	857.5
271	857
270.9	856.5
270.8	856
270.7	855.5
270.6	855
270.5	854.5
270.4	854
270.3	853.5
270.2	853
270.1	852.5
270	852
269.9	851.5
269.8	851
269.7	850.5
269.6	850
269.5	849.5
269.4	849
269.3	848.5
269.2	848
269.1	847.5
269	847
268.9	846.5
268.8	846
268.7	845.5
268.6	845
268.5	844.5
268.4	844
268.3	843.5
268.2	843
268.1	842.5
268	842
267.9	841.5
267.8	841
267.7	840.5
267.6	840
267.5	839.5
267.4	839
267.3	838.5
267.2	838
267.1	837.5
267	837
266.9	836.5
266.8	836
266.7	835.5
266.6	835
266.5	834.5
266.4	834
266.3	833.5
266.2	833
266.1	832.5
266	832
265.9	831.5
265.8	831
265.7	830.5
265.6	830
265.5	829.5
265.4	829
265.3	828.5
265.2	828
265.1	827.5
265	827
264.9	826.528
264.8	826.104
264.7	825.716
264.6	825.352
264.5	825
264.4	824.648
264.3	824.284
264.2	823.896
264.1	823.472
264	823
263.9	822.5
263.8	822
263.7	821.5
263.6	821
263.5	820.5
263.4	820
263.3	819.5
263.2	819
263.1	818.5
263	818
262.9	817.5
262.8	817
262.7	816.5
262.6	816
262.5	815.5
262.4	815
262.3	814.5
262.2	814
262.1	813.5
262	813
261.9	812.5
261.8	812
261.7	811.5
261.6	811
261.5	810.5
261.4	810
261.3	809.5
261.2	809
261.1	808.5
261	808
260.9	807.5
260.8	807
260.7	806.5
260.6	806
260.5	805.5
260.4	805
260.3	804.5
260.2	804
260.1	803.5
260	803
259.9	802.5
259.8	802
259.7	801.5
259.6	801
259.5	800.5
259.4	800
259.3	799.5
259.2	799
259.1	798.5
259	798
258.9	797.5
258.8	797
258.7	796.5
258.6	796
258.5	795.5
258.4	795
258.3	794.5
258.2	794
258.1	793.5
258	793
257.9	792.5
257.8	792
257.7	791.5
257.6	791
257.5	790.5
257.4	790
257.3	789.5
257.2	789
257.1	788.5
257	788
256.9	787.528
256.8	787.104
256.7	786.716
256.6	786.352
256.5	786
256.4	785.648
256.3	785.284
256.2	784.896
256.1	784.472
256	784
255.9	783.5
255.8	783
255.7	782.5
255.6	782
255.5	781.5
255.4	781
255.3	780.5
255.2	780
255.1	779.5
255	779
254.9	778.5
254.8	778
254.7	777.5
254.6	777
254.5	776.5
254.4	776
254.3	775.5
254.2	775
254.1	774.5
254	774
253.9	773.5
253.8	773
253.7	772.5
253.6	772
253.5	771.5
253.4	771
253.3	770.5
253.2	770
253.1	769.5
253	769
252.9	768.5
252.8	768
252.7	767.5
252.6	767
252.5	766.5
252.4	766
252.3	765.5
252.2	765
252.1	764.5
252	764
251.9	763.528
251.8	763.104
251.7	762.716
251.6	762.352
251.5	762
251.4	761.648
251.3	761.284
251.2	760.896
251.1	760.472
251	760
250.9	759.5
250.8	759
250.7	758.5
250.6	758
250.5	757.5
250.4	757
250.3	756.5
250.2	756
250.1	755.5
250	755
249.9	754.5
249.8	754
249.7	753.5
249.6	753
249.5	752.5
249.4	752
249.3	751.5
249.2	751
249.1	750.5
249	750
248.9	749.5
248.8	749
248.7	748.5
248.6	748
248.5	747.5
248.4	747
248.3	746.5
248.2	746
248.1	745.5
248	745
247.9	744.5235
247.8	744.088
247.7	743.6845
247.6	743.304
247.5	742.9375
247.4	742.576
247.3	742.2105
247.2	741.832
247.1	741.4315
247	741
246.9	740.536
246.8	740.048
246.7	739.542
246.6	739.024
246.5	738.5
246.4	737.976
246.3	737.458
246.2	736.952
246.1	736.464
246	736
245.9	735.5685
245.8	735.168
245.7	734.7895
245.6	734.424
245.5	734.0625
245.4	733.696
245.3	733.3155
245.2	732.912
245.1	732.4765
245	732
244.9	731.5
244.8	731
244.7	730.5
244.6	730
244.5	729.5
244.4	729
244.3	728.5
244.2	728
244.1	727.5
244	727
243.9	726.5
243.8	726
243.7	725.5
243.6	725
243.5	724.5
243.4	724
243.3	723.5
243.2	723
243.1	722.5
243	722
242.9	721.528
242.8	721.104
242.7	720.716
242.6	720.352
242.5	720
242.4	719.648
242.3	719.284
242.2	718.896
242.1	718.472
242	718
241.9	717.5
241.8	717
241.7	716.5
241.6	716
241.5	715.5
241.4	715
241.3	714.5
241.2	714
241.1	713.5
241	713
240.9	712.5
240.8	712
240.7	711.5
240.6	711
240.5	710.5
240.4	710
240.3	709.5
240.2	709
240.1	708.5
240	708
239.9	707.5235
239.8	707.088
239.7	706.6845
239.6	706.304
239.5	705.9375
239.4	705.576
239.3	705.2105
239.2	704.832
239.1	704.4315
239	704
238.9	703.536
238.8	703.048
238.7	702.542
238.6	702.024
238.5	701.5
238.4	700.976
238.3	700.458
238.2	699.952
238.1	699.464
238	699
237.9	698.564
237.8	698.152
237.7	697.758
237.6	697.376
237.5	697
237.4	696.624
237.3	696.242
237.2	695.848
237.1	695.436
237	695
236.9	694.5315
236.8	694.032
236.7	693.5105
236.6	692.976
236.5	692.4375
236.4	691.904
236.3	691.3845
236.2	690.888
236.1	690.4235
236	690
235.9	689.6
235.8	689.2
235.7	688.8
235.6	688.4
235.5	688
235.4	687.6
235.3	687.2
235.2	686.8
235.1	686.4
235	686
234.9	685.6
234.8	685.2
234.7	684.8
234.6	684.4
234.5	684
234.4	683.6
234.3	683.2
234.2	682.8
234.1	682.4
234	682
233.9	681.572
233.8	681.096
233.7	680.584
233.6	680.048
233.5	679.5
233.4	678.952
233.3	678.416
233.2	677.904
233.1	677.428
233	677
232.9	676.6
232.8	676.2
232.7	675.8
232.6	675.4
232.5	675
232.4	674.6
232.3	674.2
232.2	673.8
232.1	673.4
232	673
231.9	672.6
231.8	672.2
231.7	671.8
231.6	671.4
231.5	671
231.4	670.6
231.3	670.2
231.2	669.8
231.1	669.4
231	669
230.9	668.628
230.8	668.304
230.7	668.016
230.6	667.752
230.5	667.5
230.4	667.248
230.3	666.984
230.2	666.696
230.1	666.372
230	666
229.9	665.6
229.8	665.2
229.7	664.8
229.6	664.4
229.5	664
229.4	663.6
229.3	663.2
229.2	662.8
229.1	662.4
229	662
228.9	661.6
228.8	661.2
228.7	660.8
228.6	660.4
228.5	660
228.4	659.6
228.3	659.2
228.2	658.8
228.1	658.4
228	658
227.9	657.6
227.8	657.2
227.7	656.8
227.6	656.4
227.5	656
227.4	655.6
227.3	655.2
227.2	654.8
227.1	654.4
227	654
226.9	653.6
226.8	653.2
226.7	652.8
226.6	652.4
226.5	652
226.4	651.6
226.3	651.2
226.2	650.8
226.1	650.4
226	650
225.9	649.628
225.8	649.304
225.7	649.016
225.6	648.752
225.5	648.5
225.4	648.248
225.3	647.984
225.2	647.696
225.1	647.372
225	647
224.9	646.6
224.8	646.2
224.7	645.8
224.6	645.4
224.5	645
224.4	644.6
224.3	644.2
224.2	643.8
224.1	643.4
224	643
223.9	642.6
223.8	642.2
223.7	641.8
223.6	641.4
223.5	641
223.4	640.6
223.3	640.2
223.2	639.8
223.1	639.4
223	639
222.9	638.628
222.8	638.304
222.7	638.016
222.6	637.752
222.5	637.5
222.4	637.248
222.3	636.984
222.2	636.696
222.1	636.372
222	636
221.9	635.6
221.8	635.2
221.7	634.8
221.6	634.4
221.5	634
221.4	633.6
221.3	633.2
221.2	632.8
221.1	632.4
221	632
220.9	631.6
220.8	631.2
220.7	630.8
220.6	630.4
220.5	630
220.4	629.6
220.3	629.2
220.2	628.8
220.1	628.4
220	628
219.9	627.6
219.8	627.2
219.7	626.8
219.6	626.4
219.5	626
219.4	625.6
219.3	625.2
219.2	624.8
219.1	624.4
219	624
218.9	623.628
218.8	623.304
218.7	623.016
218.6	622.752
218.5	622.5
218.4	622.248
218.3	621.984
218.2	621.696
218.1	621.372
218	621
217.9	620.6
217.8	620.2
217.7	619.8
217.6	619.4
217.5	619
217.4	618.6
217.3	618.2
217.2	617.8
217.1	617.4
217	617
216.9	616.6
216.8	616.2
216.7	615.8
216.6	615.4
216.5	615
216.4	614.6
216.3	614.2
216.2	613.8
216.1	613.4
216	613
215.9	612.628
215.8	612.304
215.7	612.016
215.6	611.752
215.5	611.5
215.4	611.248
215.3	610.984
215.2	610.696
215.1	610.372
215	610
214.9	609.6
214.8	609.2
214.7	608.8
214.6	608.4
214.5	608
214.4	607.6
214.3	607.2
214.2	606.8
214.1	606.4
214	606
213.9	605.6
213.8	605.2
213.7	604.8
213.6	604.4
213.5	604
213.4	603.6
213.3	603.2
213.2	602.8
213.1	602.4
213	602
212.9	601.628
212.8	601.304
212.7	601.016
212.6	600.752
212.5	600.5
212.4	600.248
212.3	599.984
212.2	599.696
212.1	599.372
212	599
211.9	598.6
211.8	598.2
211.7	597.8
211.6	597.4
211.5	597
211.4	596.6
211.3	596.2
211.2	595.8
211.1	595.4
211	595
210.9	594.6
210.8	594.2
210.7	593.8
210.6	593.4
210.5	593
210.4	592.6
210.3	592.2
210.2	591.8
210.1	591.4
210	591
209.9	590.628
209.8	590.304
209.7	590.016
209.6	589.752
209.5	589.5
209.4	589.248
209.3	588.984
209.2	588.696
209.1	588.372
209	588
208.9	587.6
208.8	587.2
208.7	586.8
208.6	586.4
208.5	586
208.4	585.6
208.3	585.2
208.2	584.8
208.1	584.4
208	584
207.9	583.6
207.8	583.2
207.7	582.8
207.6	582.4
207.5	582
207.4	581.6
207.3	581.2
207.2	580.8
207.1	580.4
207	580
206.9	579.6235
206.8	579.288
206.7	578.9845
206.6	578.704
206.5	578.4375
206.4	578.176
206.3	577.9105
206.2	577.632
206.1	577.3315
206	577
205.9	576.636
205.8	576.248
205.7	575.842
205.6	575.424
205.5	575
205.4	574.576
205.3	574.158
205.2	573.752
205.1	573.364
205	573
204.9	572.6685
204.8	572.368
204.7	572.0895
204.6	571.824
204.5	571.5625
204.4	571.296
204.3	571.0155
204.2	570.712
204.1	570.3765
204	570
203.9	569.6
203.8	569.2
203.7	568.8
203.6	568.4
203.5	568
203.4	567.6
203.3	567.2
203.2	566.8
203.1	566.4
203	566
202.9	565.6
202.8	565.2
202.7	564.8
202.6	564.4
202.5	564
202.4	563.6
202.3	563.2
202.2	562.8
202.1	562.4
202	562
201.9	561.6235
201.8	561.288
201.7	560.9845
201.6	560.704
201.5	560.4375
201.4	560.176
201.3	559.9105
201.2	559.632
201.1	559.3315
201	559
200.9	558.636
200.8	558.248
200.7	557.842
200.6	557.424
200.5	557
200.4	556.576
200.3	556.158
200.2	555.752
200.1	555.364
200	555
199.9	554.664
199.8	554.352
199.7	554.058
199.6	553.776
199.5	553.5
199.4	553.224
199.3	552.942
199.2	552.648
199.1	552.336
199	552
198.9	551.636
198.8	551.248
198.7	550.842
198.6	550.424
198.5	550
198.4	549.576
198.3	549.158
198.2	548.752
198.1	548.364
198	548
197.9	547.664
197.8	547.352
197.7	547.058
197.6	546.776
197.5	546.5
197.4	546.224
197.3	545.942
197.2	545.648
197.1	545.336
197	545
196.9	544.636
196.8	544.248
196.7	543.842
196.6	543.424
196.5	543
196.4	542.576
196.3	542.158
196.2	541.752
196.1	541.364
196	541
195.9	540.664
195.8	540.352
195.7	540.058
195.6	539.776
195.5	539.5
195.4	539.224
195.3	538.942
195.2	538.648
195.1	538.336
195	538
194.9	537.636
194.8	537.248
194.7	536.842
194.6	536.424
194.5	536
194.4	535.576
194.3	535.158
194.2	534.752
194.1	534.364
194	534
193.9	533.664
193.8	533.352
193.7	533.058
193.6	532.776
193.5	532.5
193.4	532.224
193.3	531.942
193.2	531.648
193.1	531.336
193	531
192.9	530.6315
192.8	530.232
192.7	529.8105
192.6	529.376
192.5	528.9375
192.4	528.504
192.3	528.0845
192.2	527.688
192.1	527.3235
192	527
191.9	526.7
191.8	526.4
191.7	526.1
191.6	525.8
191.5	525.5
191.4	525.2
191.3	524.9
191.2	524.6
191.1	524.3
191	524
190.9	523.7
190.8	523.4
190.7	523.1
190.6	522.8
190.5	522.5
190.4	522.2
190.3	521.9
190.2	521.6
190.1	521.3
190	521
189.9	520.6765
189.8	520.312
189.7	519.9155
189.6	519.496
189.5	519.0625
189.4	518.624
189.3	518.1895
189.2	517.768
189.1	517.3685
189	517
188.9	516.664
188.8	516.352
188.7	516.058
188.6	515.776
188.5	515.5
188.4	515.224
188.3	514.942
188.2	514.648
188.1	514.336
188	514
187.9	513.6315
187.8	513.232
187.7	512.8105
187.6	512.376
187.5	511.9375
187.4	511.504
187.3	511.0845
187.2	510.688
187.1	510.3235
187	510
186.9	509.7
186.8	509.4
186.7	509.1
186.6	508.8
186.5	508.5
186.4	508.2
186.3	507.9
186.2	507.6
186.1	507.3
186	507
185.9	506.7
185.8	506.4
185.7	506.1
185.6	505.8
185.5	505.5
185.4	505.2
185.3	504.9
185.2	504.6
185.1	504.3
185	504
184.9	503.672
184.8	503.296
184.7	502.884
184.6	502.448
184.5	502
184.4	501.552
184.3	501.116
184.2	500.704
184.1	500.328
184	500
183.9	499.7
183.8	499.4
183.7	499.1
183.6	498.8
183.5	498.5
183.4	498.2
183.3	497.9
183.2	497.6
183.1	497.3
183	497
182.9	496.7
182.8	496.4
182.7	496.1
182.6	495.8
182.5	495.5
182.4	495.2
182.3	494.9
182.2	494.6
182.1	494.3
182	494
181.9	493.672
181.8	493.296
181.7	492.884
181.6	492.448
181.5	492
181.4	491.552
181.3	491.116
181.2	490.704
181.1	490.328
181	490
180.9	489.7
180.8	489.4
180.7	489.1
180.6	488.8
180.5	488.5
180.4	488.2
180.3	487.9
180.2	487.6
180.1	487.3
180	487
179.9	486.7
179.8	486.4
179.7	486.1
179.6	485.8
179.5	485.5
179.4	485.2
179.3	484.9
179.2	484.6
179.1	484.3
179	484
178.9	483.7
178.8	483.4
178.7	483.1
178.6	482.8
178.5	482.5
178.4	482.2
178.3	481.9
178.2	481.6
178.1	481.3
178	481
177.9	480.672
177.8	480.296
177.7	479.884
177.6	479.448
177.5	479
177.4	478.552
177.3	478.116
177.2	477.704
177.1	477.328
177	477
176.9	476.7
176.8	476.4
176.7	476.1
176.6	475.8
176.5	475.5
176.4	475.2
176.3	474.9
176.2	474.6
176.1	474.3
176	474
175.9	473.7
175.8	473.4
175.7	473.1
175.6	472.8
175.5	472.5
175.4	472.2
175.3	471.9
175.2	471.6
175.1	471.3
175	471
174.9	470.7
174.8	470.4
174.7	470.1
174.6	469.8
174.5	469.5
174.4	469.2
174.3	468.9
174.2	468.6
174.1	468.3
174	468
173.9	467.672
173.8	467.296
173.7	466.884
173.6	466.448
173.5	466
173.4	465.552
173.3	465.116
173.2	464.704
173.1	464.328
173	464
172.9	463.7
172.8	463.4
172.7	463.1
172.6	462.8
172.5	462.5
172.4	462.2
172.3	461.9
172.2	461.6
172.1	461.3
172	461
171.9	460.7
171.8	460.4
171.7	460.1
171.6	459.8
171.5	459.5
171.4	459.2
171.3	458.9
171.2	458.6
171.1	458.3
171	458
170.9	457.7
170.8	457.4
170.7	457.1
170.6	456.8
170.5	456.5
170.4	456.2
170.3	455.9
170.2	455.6
170.1	455.3
170	455
169.9	454.7
169.8	454.4
169.7	454.1
169.6	453.8
169.5	453.5
169.4	453.2
169.3	452.9
169.2	452.6
169.1	452.3
169	452
168.9	451.672
168.8	451.296
168.7	450.884
168.6	450.448
168.5	450
168.4	449.552
168.3	449.116
168.2	448.704
168.1	448.328
168	448
167.9	447.7
167.8	447.4
167.7	447.1
167.6	446.8
167.5	446.5
167.4	446.2
167.3	445.9
167.2	445.6
167.1	445.3
167	445
166.9	444.7
166.8	444.4
166.7	444.1
166.6	443.8
166.5	443.5
166.4	443.2
166.3	442.9
166.2	442.6
166.1	442.3
166	442
165.9	441.7
165.8	441.4
165.7	441.1
165.6	440.8
165.5	440.5
165.4	440.2
165.3	439.9
165.2	439.6
165.1	439.3
165	439
164.9	438.7
164.8	438.4
164.7	438.1
164.6	437.8
164.5	437.5
164.4	437.2
164.3	436.9
164.2	436.6
164.1	436.3
164	436
163.9	435.672
163.8	435.296
163.7	434.884
163.6	434.448
163.5	434
163.4	433.552
163.3	433.116
163.2	432.704
163.1	432.328
163	432
162.9	431.7
162.8	431.4
162.7	431.1
162.6	430.8
162.5	430.5
162.4	430.2
162.3	429.9
162.2	429.6
162.1	429.3
162	429
161.9	428.7
161.8	428.4
161.7	428.1
161.6	427.8
161.5	427.5
161.4	427.2
161.3	426.9
161.2	426.6
161.1	426.3
161	426
160.9	425.7
160.8	425.4
160.7	425.1
160.6	424.8
160.5	424.5
160.4	424.2
160.3	423.9
160.2	423.6
160.1	423.3
160	423
159.9	422.7
159.8	422.4
159.7	422.1
159.6	421.8
159.5	421.5
159.4	421.2
159.3	420.9
159.2	420.6
159.1	420.3
159	420
158.9	419.7
158.8	419.4
158.7	419.1
158.6	418.8
158.5	418.5
158.4	418.2
158.3	417.9
158.2	417.6
158.1	417.3
158	417
157.9	416.7
157.8	416.4
157.7	416.1
157.6	415.8
157.5	415.5
157.4	415.2
157.3	414.9
157.2	414.6
157.1	414.3
157	414
156.9	413.7
156.8	413.4
156.7	413.1
156.6	412.8
156.5	412.5
156.4	412.2
156.3	411.9
156.2	411.6
156.1	411.3
156	411
155.9	410.7
155.8	410.4
155.7	410.1
155.6	409.8
155.5	409.5
155.4	409.2
155.3	408.9
155.2	408.6
155.1	408.3
155	408
154.9	407.7
154.8	407.4
154.7	407.1
154.6	406.8
154.5	406.5
154.4	406.2
154.3	405.9
154.2	405.6
154.1	405.3
154	405
153.9	404.7
153.8	404.4
153.7	404.1
153.6	403.8
153.5	403.5
153.4	403.2
153.3	402.9
153.2	402.6
153.1	402.3
153	402
152.9	401.7
152.8	401.4
152.7	401.1
152.6	400.8
152.5	400.5
152.4	400.2
152.3	399.9
152.2	399.6
152.1	399.3
152	399
151.9	398.7
151.8	398.4
151.7	398.1
151.6	397.8
151.5	397.5
151.4	397.2
151.3	396.9
151.2	396.6
151.1	396.3
151	396
150.9	395.7
150.8	395.4
150.7	395.1
150.6	394.8
150.5	394.5
150.4	394.2
150.3	393.9
150.2	393.6
150.1	393.3
150	393
149.9	392.7
149.8	392.4
149.7	392.1
149.6	391.8
149.5	391.5
149.4	391.2
149.3	390.9
149.2	390.6
149.1	390.3
149	390
148.9	389.7
148.8	389.4
148.7	389.1
148.6	388.8
148.5	388.5
148.4	388.2
148.3	387.9
148.2	387.6
148.1	387.3
148	387
147.9	386.7
147.8	386.4
147.7	386.1
147.6	385.8
147.5	385.5
147.4	385.2
147.3	384.9
147.2	384.6
147.1	384.3
147	384
146.9	383.7
146.8	383.4
146.7	383.1
146.6	382.8
146.5	382.5
146.4	382.2
146.3	381.9
146.2	381.6
146.1	381.3
146	381
145.9	380.7
145.8	380.4
145.7	380.1
145.6	379.8
145.5	379.5
145.4	379.2
145.3	378.9
145.2	378.6
145.1	378.3
145	378
144.9	377.728
144.8	377.504
144.7	377.316
144.6	377.152
144.5	377
144.4	376.848
144.3	376.684
144.2	376.496
144.1	376.272
144	376
143.9	375.7
143.8	375.4
143.7	375.1
143.6	374.8
143.5	374.5
143.4	374.2
143.3	373.9
143.2	373.6
143.1	373.3
143	373
142.9	372.7
142.8	372.4
142.7	372.1
142.6	371.8
142.5	371.5
142.4	371.2
142.3	370.9
142.2	370.6
142.1	370.3
142	370
141.9	369.7
141.8	369.4
141.7	369.1
141.6	368.8
141.5	368.5
141.4	368.2
141.3	367.9
141.2	367.6
141.1	367.3
141	367
140.9	366.7
140.8	366.4
140.7	366.1
140.6	365.8
140.5	365.5
140.4	365.2
140.3	364.9
140.2	364.6
140.1	364.3
140	364
139.9	363.7
139.8	363.4
139.7	363.1
139.6	362.8
139.5	362.5
139.4	362.2
139.3	361.9
139.2	361.6
139.1	361.3
139	361
138.9	360.728
138.8	360.504
138.7	360.316
138.6	360.152
138.5	360
138.4	359.848
138.3	359.684
138.2	359.496
138.1	359.272
138	359
137.9	358.7
137.8	358.4
137.7	358.1
137.6	357.8
137.5	357.5
137.4	357.2
137.3	356.9
137.2	356.6
137.1	356.3
137	356
136.9	355.7
136.8	355.4
136.7	355.1
136.6	354.8
136.5	354.5
136.4	354.2
136.3	353.9
136.2	353.6
136.1	353.3
136	353
135.9	352.7
135.8	352.4
135.7	352.1
135.6	351.8
135.5	351.5
135.4	351.2
135.3	350.9
135.2	350.6
135.1	350.3
135	350
134.9	349.7
134.8	349.4
134.7	349.1
134.6	348.8
134.5	348.5
134.4	348.2
134.3	347.9
134.2	347.6
134.1	347.3
134	347
133.9	346.7
133.8	346.4
133.7	346.1
133.6	345.8
133.5	345.5
133.4	345.2
133.3	344.9
133.2	344.6
133.1	344.3
133	344
132.9	343.7
132.8	343.4
132.7	343.1
132.6	342.8
132.5	342.5
132.4	342.2
132.3	341.9
132.2	341.6
132.1	341.3
132	341
131.9	340.728
131.8	340.504
131.7	340.316
131.6	340.152
131.5	340
131.4	339.848
131.3	339.684
131.2	339.496
131.1	339.272
131	339
130.9	338.7
130.8	338.4
130.7	338.1
130.6	337.8
130.5	337.5
130.4	337.2
130.3	336.9
130.2	336.6
130.1	336.3
130	336
129.9	335.7
129.8	335.4
129.7	335.1
129.6	334.8
129.5	334.5
129.4	334.2
129.3	333.9
129.2	333.6
129.1	333.3
129	333
128.9	332.7
128.8	332.4
128.7	332.1
128.6	331.8
128.5	331.5
128.4	331.2
128.3	330.9
128.2	330.6
128.1	330.3
128	330
127.9	329.7
127.8	329.4
127.7	329.1
127.6	328.8
127.5	328.5
127.4	328.2
127.3	327.9
127.2	327.6
127.1	327.3
127	327
126.9	326.7
126.8	326.4
126.7	326.1
126.6	325.8
126.5	325.5
126.4	325.2
126.3	324.9
126.2	324.6
126.1	324.3
126	324
125.9	323.728
125.8	323.504
125.7	323.316
125.6	323.152
125.5	323
125.4	322.848
125.3	322.684
125.2	322.496
125.1	322.272
125	322
124.9	321.7
124.8	321.4
124.7	321.1
124.6	320.8
124.5	320.5
124.4	320.2
124.3	319.9
124.2	319.6
124.1	319.3
124	319
123.9	318.7
123.8	318.4
123.7	318.1
123.6	317.8
123.5	317.5
123.4	317.2
123.3	316.9
123.2	316.6
123.1	316.3
123	316
122.9	315.7
122.8	315.4
122.7	315.1
122.6	314.8
122.5	314.5
122.4	314.2
122.3	313.9
122.2	313.6
122.1	313.3
122	313
121.9	312.7
121.8	312.4
121.7	312.1
121.6	311.8
121.5	311.5
121.4	311.2
121.3	310.9
121.2	310.6
121.1	310.3
121	310
120.9	309.7
120.8	309.4
120.7	309.1
120.6	308.8
120.5	308.5
120.4	308.2
120.3	307.9
120.2	307.6
120.1	307.3
120	307
119.9	306.728
119.8	306.504
119.7	306.316
119.6	306.152
119.5	306
119.4	305.848
119.3	305.684
119.2	305.496
119.1	305.272
119	305
118.9	304.7
118.8	304.4
118.7	304.1
118.6	303.8
118.5	303.5
118.4	303.2
118.3	302.9
118.2	302.6
118.1	302.3
118	302
117.9	301.7
117.8	301.4
117.7	301.1
117.6	300.8
117.5	300.5
117.4	300.2
117.3	299.9
117.2	299.6
117.1	299.3
117	299
116.9	298.7
116.8	298.4
116.7	298.1
116.6	297.8
116.5	297.5
116.4	297.2
116.3	296.9
116.2	296.6
116.1	296.3
116	296
115.9	295.7
115.8	295.4
115.7	295.1
115.6	294.8
115.5	294.5
115.4	294.2
115.3	293.9
115.2	293.6
115.1	293.3
115	293
114.9	292.728
114.8	292.504
114.7	292.316
114.6	292.152
114.5	292
114.4	291.848
114.3	291.684
114.2	291.496
114.1	291.272
114	291
113.9	290.7
113.8	290.4
113.7	290.1
113.6	289.8
113.5	289.5
113.4	289.2
113.3	288.9
113.2	288.6
113.1	288.3
113	288
112.9	287.7
112.8	287.4
112.7	287.1
112.6	286.8
112.5	286.5
112.4	286.2
112.3	285.9
112.2	285.6
112.1	285.3
112	285
111.9	284.7
111.8	284.4
111.7	284.1
111.6	283.8
111.5	283.5
111.4	283.2
111.3	282.9
111.2	282.6
111.1	282.3
111	282
110.9	281.7
110.8	281.4
110.7	281.1
110.6	280.8
110.5	280.5
110.4	280.2
110.3	279.9
110.2	279.6
110.1	279.3
110	279
109.9	278.728
109.8	278.504
109.7	278.316
109.6	278.152
109.5	278
109.4	277.848
109.3	277.684
109.2	277.496
109.1	277.272
109	277
108.9	276.7
108.8	276.4
108.7	276.1
108.6	275.8
108.5	275.5
108.4	275.2
108.3	274.9
108.2	274.6
108.1	274.3
108	274
107.9	273.7
107.8	273.4
107.7	273.1
107.6	272.8
107.5	272.5
107.4	272.2
107.3	271.9
107.2	271.6
107.1	271.3
107	271
106.9	270.7
106.8	270.4
106.7	270.1
106.6	269.8
106.5	269.5
106.4	269.2
106.3	268.9
106.2	268.6
106.1	268.3
106	268
105.9	267.7
105.8	267.4
105.7	267.1
105.6	266.8
105.5	266.5
105.4	266.2
105.3	265.9
105.2	265.6
105.1	265.3
105	265
104.9	264.728
104.8	264.504
104.7	264.316
104.6	264.152
104.5	264
104.4	263.848
104.3	263.684
104.2	263.496
104.1	263.272
104	263
103.9	262.7
103.8	262.4
103.7	262.1
103.6	261.8
103.5	261.5
103.4	261.2
103.3	260.9
103.2	260.6
103.1	260.3
103	260
102.9	259.7
102.8	259.4
102.7	259.1
102.6	258.8
102.5	258.5
102.4	258.2
102.3	257.9
102.2	257.6
102.1	257.3
102	257
101.9	256.7
101.8	256.4
101.7	256.1
101.6	255.8
101.5	255.5
101.4	255.2
101.3	254.9
101.2	254.6
101.1	254.3
101	254
100.9	253.7
100.8	253.4
100.7	253.1
100.6	252.8
100.5	252.5
100.4	252.2
100.3	251.9
100.2	251.6
100.1	251.3
100	251
99.9	250.728
99.8	250.504
99.7	250.316
99.6	250.152
99.5	250
99.4	249.848
99.3	249.684
99.2	249.496
99.1	249.272
99	249
98.9	248.7
98.8	248.4
98.7	248.1
98.6	247.8
98.5	247.5
98.4	247.2
98.3	246.9
98.2	246.6
98.1	246.3
98	246
97.9	245.7
97.8	245.4
97.7	245.1
97.6	244.8
97.5	244.5
97.4	244.2
97.3	243.9
97.2	243.6
97.1	243.3
97	243
96.9	242.7
96.8	242.4
96.7	242.1
96.6	241.8
96.5	241.5
96.4	241.2
96.3	240.9
96.2	240.6
96.1	240.3
96	240
95.9	239.7
95.8	239.4
95.7	239.1
95.6	238.8
95.5	238.5
95.4	238.2
95.3	237.9
95.2	237.6
95.1	237.3
95	237
94.9	236.728
94.8	236.504
94.7	236.316
94.6	236.152
94.5	236
94.4	235.848
94.3	235.684
94.2	235.496
94.1	235.272
94	235
93.9	234.7
93.8	234.4
93.7	234.1
93.6	233.8
93.5	233.5
93.4	233.2
93.3	232.9
93.2	232.6
93.1	232.3
93	232
92.9	231.7
92.8	231.4
92.7	231.1
92.6	230.8
92.5	230.5
92.4	230.2
92.3	229.9
92.2	229.6
92.1	229.3
92	229
91.9	228.7
91.8	228.4
91.7	228.1
91.6	227.8
91.5	227.5
91.4	227.2
91.3	226.9
91.2	226.6
91.1	226.3
91	226
90.9	225.728
90.8	225.504
90.7	225.316
90.6	225.152
90.5	225
90.4	224.848
90.3	224.684
90.2	224.496
90.1	224.272
90	224
89.9	223.7
89.8	223.4
89.7	223.1
89.6	222.8
89.5	222.5
89.4	222.2
89.3	221.9
89.2	221.6
89.1	221.3
89	221
88.9	220.7
88.8	220.4
88.7	220.1
88.6	219.8
88.5	219.5
88.4	219.2
88.3	218.9
88.2	218.6
88.1	218.3
88	218
87.9	217.7235
87.8	217.488
87.7	217.2845
87.6	217.104
87.5	216.9375
87.4	216.776
87.3	216.6105
87.2	216.432
87.1	216.2315
87	216
86.9	215.736
86.8	215.448
86.7	215.142
86.6	214.824
86.5	214.5
86.4	214.176
86.3	213.858
86.2	213.552
86.1	213.264
86	213
85.9	212.764
85.8	212.552
85.7	212.358
85.6	212.176
85.5	212
85.4	211.824
85.3	211.642
85.2	211.448
85.1	211.236
85	211
84.9	210.736
84.8	210.448
84.7	210.142
84.6	209.824
84.5	209.5
84.4	209.176
84.3	208.858
84.2	208.552
84.1	208.264
84	208
83.9	207.7685
83.8	207.568
83.7	207.3895
83.6	207.224
83.5	207.0625
83.4	206.896
83.3	206.7155
83.2	206.512
83.1	206.2765
83	206
82.9	205.7
82.8	205.4
82.7	205.1
82.6	204.8
82.5	204.5
82.4	204.2
82.3	203.9
82.2	203.6
82.1	203.3
82	203
81.9	202.7
81.8	202.4
81.7	202.1
81.6	201.8
81.5	201.5
81.4	201.2
81.3	200.9
81.2	200.6
81.1	200.3
81	200
80.9	199.7235
80.8	199.488
80.7	199.2845
80.6	199.104
80.5	198.9375
80.4	198.776
80.3	198.6105
80.2	198.432
80.1	198.2315
80	198
79.9	197.736
79.8	197.448
79.7	197.142
79.6	196.824
79.5	196.5
79.4	196.176
79.3	195.858
79.2	195.552
79.1	195.264
79	195
78.9	194.764
78.8	194.552
78.7	194.358
78.6	194.176
78.5	194
78.4	193.824
78.3	193.642
78.2	193.448
78.1	193.236
78	193
77.9	192.736
77.8	192.448
77.7	192.142
77.6	191.824
77.5	191.5
77.4	191.176
77.3	190.858
77.2	190.552
77.1	190.264
77	190
76.9	189.7685
76.8	189.568
76.7	189.3895
76.6	189.224
76.5	189.0625
76.4	188.896
76.3	188.7155
76.2	188.512
76.1	188.2765
76	188
75.9	187.7
75.8	187.4
75.7	187.1
75.6	186.8
75.5	186.5
75.4	186.2
75.3	185.9
75.2	185.6
75.1	185.3
75	185
74.9	184.7
74.8	184.4
74.7	184.1
74.6	183.8
74.5	183.5
74.4	183.2
74.3	182.9
74.2	182.6
74.1	182.3
74	182
73.9	181.7235
73.8	181.488
73.7	181.2845
73.6	181.104
73.5	180.9375
73.4	180.776
73.3	180.6105
73.2	180.432
73.1	180.2315
73	180
72.9	179.736
72.8	179.448
72.7	179.142
72.6	178.824
72.5	178.5
72.4	178.176
72.3	177.858
72.2	177.552
72.1	177.264
72	177
71.9	176.764
71.8	176.552
71.7	176.358
71.6	176.176
71.5	176
71.4	175.824
71.3	175.642
71.2	175.448
71.1	175.236
71	175
70.9	174.736
70.8	174.448
70.7	174.142
70.6	173.824
70.5	173.5
70.4	173.176
70.3	172.858
70.2	172.552
70.1	172.264
70	172
69.9	171.7685
69.8	171.568
69.7	171.3895
69.6	171.224
69.5	171.0625
69.4	170.896
69.3	170.7155
69.2	170.512
69.1	170.2765
69	170
68.9	169.7
68.8	169.4
68.7	169.1
68.6	168.8
68.5	168.5
68.4	168.2
68.3	167.9
68.2	167.6
68.1	167.3
68	167
67.9	166.7
67.8	166.4
67.7	166.1
67.6	165.8
67.5	165.5
67.4	165.2
67.3	164.9
67.2	164.6
67.1	164.3
67	164
66.9	163.7235
66.8	163.488
66.7	163.2845
66.6	163.104
66.5	162.9375
66.4	162.776
66.3	162.6105
66.2	162.432
66.1	162.2315
66	162
65.9	161.736
65.8	161.448
65.7	161.142
65.6	160.824
65.5	160.5
65.4	160.176
65.3	159.858
65.2	159.552
65.1	159.264
65	159
64.9	158.7685
64.8	158.568
64.7	158.3895
64.6	158.224
64.5	158.0625
64.4	157.896
64.3	157.7155
64.2	157.512
64.1	157.2765
64	157
63.9	156.7
63.8	156.4
63.7	156.1
63.6	155.8
63.5	155.5
63.4	155.2
63.3	154.9
63.2	154.6
63.1	154.3
63	154
62.9	153.7
62.8	153.4
62.7	153.1
62.6	152.8
62.5	152.5
62.4	152.2
62.3	151.9
62.2	151.6
62.1	151.3
62	151
61.9	150.7235
61.8	150.488
61.7	150.2845
61.6	150.104
61.5	149.9375
61.4	149.776
61.3	149.6105
61.2	149.432
61.1	149.2315
61	149
60.9	148.736
60.8	148.448
60.7	148.142
60.6	147.824
60.5	147.5
60.4	147.176
60.3	146.858
60.2	146.552
60.1	146.264
60	146
59.9	145.764
59.8	145.552
59.7	145.358
59.6	145.176
59.5	145
59.4	144.824
59.3	144.642
59.2	144.448
59.1	144.236
59	144
58.9	143.736
58.8	143.448
58.7	143.142
58.6	142.824
58.5	142.5
58.4	142.176
58.3	141.858
58.2	141.552
58.1	141.264
58	141
57.9	140.7685
57.8	140.568
57.7	140.3895
57.6	140.224
57.5	140.0625
57.4	139.896
57.3	139.7155
57.2	139.512
57.1	139.2765
57	139
56.9	138.7
56.8	138.4
56.7	138.1
56.6	137.8
56.5	137.5
56.4	137.2
56.3	136.9
56.2	136.6
56.1	136.3
56	136
55.9	135.7
55.8	135.4
55.7	135.1
55.6	134.8
55.5	134.5
55.4	134.2
55.3	133.9
55.2	133.6
55.1	133.3
55	133
54.9	132.7235
54.8	132.488
54.7	132.2845
54.6	132.104
54.5	131.9375
54.4	131.776
54.3	131.6105
54.2	131.432
54.1	131.2315
54	131
53.9	130.736
53.8	130.448
53.7	130.142
53.6	129.824
53.5	129.5
53.4	129.176
53.3	128.858
53.2	128.552
53.1	128.264
53	128
52.9	127.7685
52.8	127.568
52.7	127.3895
52.6	127.224
52.5	127.0625
52.4	126.896
52.3	126.7155
52.2	126.512
52.1	126.2765
52	126
51.9	125.7
51.8	125.4
51.7	125.1
51.6	124.8
51.5	124.5
51.4	124.2
51.3	123.9
51.2	123.6
51.1	123.3
51	123
50.9	122.7
50.8	122.4
50.7	122.1
50.6	121.8
50.5	121.5
50.4	121.2
50.3	120.9
50.2	120.6
50.1	120.3
50	120
49.9	119.7235
49.8	119.488
49.7	119.2845
49.6	119.104
49.5	118.9375
49.4	118.776
49.3	118.6105
49.2	118.432
49.1	118.2315
49	118
48.9	117.736
48.8	117.448
48.7	117.142
48.6	116.824
48.5	116.5
48.4	116.176
48.3	115.858
48.2	115.552
48.1	115.264
48	115
47.9	114.7685
47.8	114.568
47.7	114.3895
47.6	114.224
47.5	114.0625
47.4	113.896
47.3	113.7155
47.2	113.512
47.1	113.2765
47	113
46.9	112.7
46.8	112.4
46.7	112.1
46.6	111.8
46.5	111.5
46.4	111.2
46.3	110.9
46.2	110.6
46.1	110.3
46	110
45.9	109.7
45.8	109.4
45.7	109.1
45.6	108.8
45.5	108.5
45.4	108.2
45.3	107.9
45.2	107.6
45.1	107.3
45	107
44.9	106.7235
44.8	106.488
44.7	106.2845
44.6	106.104
44.5	105.9375
44.4	105.776
44.3	105.6105
44.2	105.432
44.1	105.2315
44	105
43.9	104.736
43.8	104.448
43.7	104.142
43.6	103.824
43.5	103.5
43.4	103.176
43.3	102.858
43.2	102.552
43.1	102.264
43	102
42.9	101.764
42.8	101.552
42.7	101.358
42.6	101.176
42.5	101
42.4	100.824
42.3	100.642
42.2	100.448
42.1	100.236
42	100
41.9	99.736
41.8	99.448
41.7	99.142
41.6	98.824
41.5	98.5
41.4	98.176
41.3	97.858
41.2	97.552
41.1	97.264
41	97
40.9	96.7685
40.8	96.568
40.7	96.3895
40.6	96.224
40.5	96.0625
40.4	95.896
40.3	95.7155
40.2	95.512
40.1	95.2765
40	95
39.9	94.7
39.8	94.4
39.7	94.1
39.6	93.8
39.5	93.5
39.4	93.2
39.3	92.9
39.2	92.6
39.1	92.3
39	92
38.9	91.7
38.8	91.4
38.7	91.1
38.6	90.8
38.5	90.5
38.4	90.2
38.3	89.9
38.2	89.6
38.1	89.3
38	89
37.9	88.7235
37.8	88.488
37.7	88.2845
37.6	88.104
37.5	87.9375
37.4	87.776
37.3	87.6105
37.2	87.432
37.1	87.2315
37	87
36.9	86.736
36.8	86.448
36.7	86.142
36.6	85.824
36.5	85.5
36.4	85.176
36.3	84.858
36.2	84.552
36.1	84.264
36	84
35.9	83.7685
35.8	83.568
35.7	83.3895
35.6	83.224
35.5	83.0625
35.4	82.896
35.3	82.7155
35.2	82.512
35.1	82.2765
35	82
34.9	81.7
34.8	81.4
34.7	81.1
34.6	80.8
34.5	80.5
34.4	80.2
34.3	79.9
34.2	79.6
34.1	79.3
34	79
33.9	78.7
33.8	78.4
33.7	78.1
33.6	77.8
33.5	77.5
33.4	77.2
33.3	76.9
33.2	76.6
33.1	76.3
33	76
32.9	75.7235
32.8	75.488
32.7	75.2845
32.6	75.104
32.5	74.9375
32.4	74.776
32.3	74.6105
32.2	74.432
32.1	74.2315
32	74
31.9	73.736
31.8	73.448
31.7	73.142
31.6	72.824
31.5	72.5
31.4	72.176
31.3	71.858
31.2	71.552
31.1	71.264
31	71
30.9	70.7685
30.8	70.568
30.7	70.3895
30.6	70.224
30.5	70.0625
30.4	69.896
30.3	69.7155
30.2	69.512
30.1	69.2765
30	69
29.9	68.7
29.8	68.4
29.7	68.1
29.6	67.8
29.5	67.5
29.4	67.2
29.3	66.9
29.2	66.6
29.1	66.3
29	66
28.9	65.7
28.8	65.4
28.7	65.1
28.6	64.8
28.5	64.5
28.4	64.2
28.3	63.9
28.2	63.6
28.1	63.3
28	63
27.9	62.7235
27.8	62.488
27.7	62.2845
27.6	62.104
27.5	61.9375
27.4	61.776
27.3	61.6105
27.2	61.432
27.1	61.2315
27	61
26.9	60.736
26.8	60.448
26.7	60.142
26.6	59.824
26.5	59.5
26.4	59.176
26.3	58.858
26.2	58.552
26.1	58.264
26	58
25.9	57.7685
25.8	57.568
25.7	57.3895
25.6	57.224
25.5	57.0625
25.4	56.896
25.3	56.7155
25.2	56.512
25.1	56.2765
25	56
24.9	55.7
24.8	55.4
24.7	55.1
24.6	54.8
24.5	54.5
24.4	54.2
24.3	53.9
24.2	53.6
24.1	53.3
24	53
23.9	52.7
23.8	52.4
23.7	52.1
23.6	51.8
23.5	51.5
23.4	51.2
23.3	50.9
23.2	50.6
23.1	50.3
23	50
22.9	49.7235
22.8	49.488
22.7	49.2845
22.6	49.104
22.5	48.9375
22.4	48.776
22.3	48.6105
22.2	48.432
22.1	48.2315
22	48
21.9	47.736
21.8	47.448
21.7	47.142
21.6	46.824
21.5	46.5
21.4	46.176
21.3	45.858
21.2	45.552
21.1	45.264
21	45
20.9	44.7685
20.8	44.568
20.7	44.3895
20.6	44.224
20.5	44.0625
20.4	43.896
20.3	43.7155
20.2	43.512
20.1	43.2765
20	43
19.9	42.7
19.8	42.4
19.7	42.1
19.6	41.8
19.5	41.5
19.4	41.2
19.3	40.9
19.2	40.6
19.1	40.3
19	40
18.9	39.7
18.8	39.4
18.7	39.1
18.6	38.8
18.5	38.5
18.4	38.2
18.3	37.9
18.2	37.6
18.1	37.3
18	37
17.9	36.728
17.8	36.504
17.7	36.316
17.6	36.152
17.5	36
17.4	35.848
17.3	35.684
17.2	35.496
17.1	35.272
17	35
16.9	34.7
16.8	34.4
16.7	34.1
16.6	33.8
16.5	33.5
16.4	33.2
16.3	32.9
16.2	32.6
16.1	32.3
16	32
15.9	31.7
15.8	31.4
15.7	31.1
15.6	30.8
15.5	30.5
15.4	30.2
15.3	29.9
15.2	29.6
15.1	29.3
15	29
14.9	28.7235
14.8	28.488
14.7	28.2845
14.6	28.104
14.5	27.9375
14.4	27.776
14.3	27.6105
14.2	27.432
14.1	27.2315
14	27
13.9	26.7315
13.8	26.432
13.7	26.1105
13.6	25.776
13.5	25.4375
13.4	25.104
13.3	24.7845
13.2	24.488
13.1	24.2235
13	24
12.9	23.8
12.8	23.6
12.7	23.4
12.6	23.2
12.5	23
12.4	22.8
12.3	22.6
12.2	22.4
12.1	22.2
12	22
11.9	21.8
11.8	21.6
11.7	21.4
11.6	21.2
11.5	21
11.4	20.8
11.3	20.6
11.2	20.4
11.1	20.2
11	20
10.9	19.8
10.8	19.6
10.7	19.4
10.6	19.2
10.5	19
10.4	18.8
10.3	18.6
10.2	18.4
10.1	18.2
10	18
9.9	17.8
9.8	17.6
9.7	17.4
9.6	17.2
9.5	17
9.4	16.8
9.3	16.6
9.2	16.4
9.1	16.2
9	16
