-364.0 -1.49
-363.9 -1.49
-363.8 -1.49
-363.7 -1.49
-363.6 -1.49
-363.5 -1.49
-363.4 -1.48
-363.3 -1.48
-363.2 -1.48
-363.1 -1.48
-363.0 -1.48
-362.9 -1.48
-362.8 -1.48
-362.7 -1.48
-362.6 -1.48
-362.5 -1.48
-362.4 -1.47
-362.3 -1.47
-362.2 -1.47
-362.1 -1.47
-362.0 -1.47
-361.9 -1.47
-361.8 -1.47
-361.7 -1.47
-361.6 -1.47
-361.5 -1.47
-361.4 -1.46
-361.3 -1.46
-361.2 -1.46
-361.1 -1.46
-361.0 -1.46
-360.9 -1.46
-360.8 -1.46
-360.7 -1.46
-360.6 -1.46
-360.5 -1.46
-360.4 -1.46
-360.3 -1.46
-360.2 -1.46
-360.1 -1.46
-360.0 -1.46
-359.9 -1.46
-359.8 -1.46
-359.7 -1.46
-359.6 -1.46
-359.5 -1.46
-359.4 -1.45
-359.3 -1.45
-359.2 -1.45
-359.1 -1.45
-359.0 -1.45
-358.9 -1.45
-358.8 -1.45
-358.7 -1.45
-358.6 -1.45
-358.5 -1.45
-358.4 -1.44
-358.3 -1.44
-358.2 -1.44
-358.1 -1.44
-358.0 -1.44
-357.9 -1.44
-357.8 -1.44
-357.7 -1.44
-357.6 -1.44
-357.5 -1.44
-357.4 -1.43
-357.3 -1.43
-357.2 -1.43
-357.1 -1.43
-357.0 -1.43
-356.9 -1.43
-356.8 -1.43
-356.7 -1.43
-356.6 -1.43
-356.5 -1.43
-356.4 -1.42
-356.3 -1.42
-356.2 -1.42
-356.1 -1.42
-356.0 -1.42
-355.9 -1.42
-355.8 -1.42
-355.7 -1.42
-355.6 -1.42
-355.5 -1.42
-355.4 -1.41
-355.3 -1.41
-355.2 -1.41
-355.1 -1.41
-355.0 -1.41
-354.9 -1.41
-354.8 -1.41
-354.7 -1.41
-354.6 -1.41
-354.5 -1.41
-354.4 -1.40
-354.3 -1.40
-354.2 -1.40
-354.1 -1.40
-354.0 -1.40
-353.9 -1.40
-353.8 -1.40
-353.7 -1.40
-353.6 -1.40
-353.5 -1.40
-353.4 -1.39
-353.3 -1.39
-353.2 -1.39
-353.1 -1.39
-353.0 -1.39
-352.9 -1.39
-352.8 -1.39
-352.7 -1.39
-352.6 -1.39
-352.5 -1.39
-352.4 -1.38
-352.3 -1.38
-352.2 -1.38
-352.1 -1.38
-352.0 -1.38
-351.9 -1.38
-351.8 -1.38
-351.7 -1.38
-351.6 -1.38
-351.5 -1.38
-351.4 -1.37
-351.3 -1.37
-351.2 -1.37
-351.1 -1.37
-351.0 -1.37
-350.9 -1.37
-350.8 -1.37
-350.7 -1.37
-350.6 -1.37
-350.5 -1.36
-350.4 -1.36
-350.3 -1.36
-350.2 -1.36
-350.1 -1.36
-350.0 -1.36
-349.9 -1.36
-349.8 -1.36
-349.7 -1.36
-349.6 -1.36
-349.5 -1.35
-349.4 -1.35
-349.3 -1.35
-349.2 -1.35
-349.1 -1.35
-349.0 -1.35
-348.9 -1.35
-348.8 -1.35
-348.7 -1.35
-348.6 -1.35
-348.5 -1.34
-348.4 -1.34
-348.3 -1.34
-348.2 -1.34
-348.1 -1.34
-348.0 -1.34
-347.9 -1.34
-347.8 -1.34
-347.7 -1.34
-347.6 -1.34
-347.5 -1.33
-347.4 -1.33
-347.3 -1.33
-347.2 -1.33
-347.1 -1.33
-347.0 -1.33
-346.9 -1.33
-346.8 -1.33
-346.7 -1.33
-346.6 -1.33
-346.5 -1.32
-346.4 -1.32
-346.3 -1.32
-346.2 -1.32
-346.1 -1.32
-346.0 -1.32
-345.9 -1.32
-345.8 -1.32
-345.7 -1.32
-345.6 -1.32
-345.5 -1.31
-345.4 -1.31
-345.3 -1.31
-345.2 -1.31
-345.1 -1.31
-345.0 -1.31
-344.9 -1.31
-344.8 -1.31
-344.7 -1.31
-344.6 -1.31
-344.5 -1.30
-344.4 -1.30
-344.3 -1.30
-344.2 -1.30
-344.1 -1.30
-344.0 -1.30
-343.9 -1.30
-343.8 -1.30
-343.7 -1.30
-343.6 -1.30
-343.5 -1.30
-343.4 -1.30
-343.3 -1.30
-343.2 -1.30
-343.1 -1.30
-343.0 -1.30
-342.9 -1.30
-342.8 -1.30
-342.7 -1.30
-342.6 -1.30
-342.5 -1.29
-342.4 -1.29
-342.3 -1.29
-342.2 -1.29
-342.1 -1.29
-342.0 -1.29
-341.9 -1.29
-341.8 -1.29
-341.7 -1.29
-341.6 -1.29
-341.5 -1.28
-341.4 -1.28
-341.3 -1.28
-341.2 -1.28
-341.1 -1.28
-341.0 -1.28
-340.9 -1.28
-340.8 -1.28
-340.7 -1.28
-340.6 -1.28
-340.5 -1.27
-340.4 -1.27
-340.3 -1.27
-340.2 -1.27
-340.1 -1.27
-340.0 -1.27
-339.9 -1.27
-339.8 -1.27
-339.7 -1.27
-339.6 -1.27
-339.5 -1.26
-339.4 -1.26
-339.3 -1.26
-339.2 -1.26
-339.1 -1.26
-339.0 -1.26
-338.9 -1.26
-338.8 -1.26
-338.7 -1.26
-338.6 -1.26
-338.5 -1.25
-338.4 -1.25
-338.3 -1.25
-338.2 -1.25
-338.1 -1.25
-338.0 -1.25
-337.9 -1.25
-337.8 -1.25
-337.7 -1.25
-337.6 -1.25
-337.5 -1.25
-337.4 -1.24
-337.3 -1.24
-337.2 -1.24
-337.1 -1.24
-337.0 -1.24
-336.9 -1.24
-336.8 -1.24
-336.7 -1.24
-336.6 -1.24
-336.5 -1.24
-336.4 -1.23
-336.3 -1.23
-336.2 -1.23
-336.1 -1.23
-336.0 -1.23
-335.9 -1.23
-335.8 -1.23
-335.7 -1.23
-335.6 -1.23
-335.5 -1.23
-335.4 -1.22
-335.3 -1.22
-335.2 -1.22
-335.1 -1.22
-335.0 -1.22
-334.9 -1.22
-334.8 -1.22
-334.7 -1.22
-334.6 -1.22
-334.5 -1.22
-334.4 -1.22
-334.3 -1.22
-334.2 -1.22
-334.1 -1.22
-334.0 -1.22
-333.9 -1.22
-333.8 -1.22
-333.7 -1.22
-333.6 -1.22
-333.5 -1.22
-333.4 -1.21
-333.3 -1.21
-333.2 -1.21
-333.1 -1.21
-333.0 -1.21
-332.9 -1.21
-332.8 -1.21
-332.7 -1.21
-332.6 -1.21
-332.5 -1.21
-332.4 -1.20
-332.3 -1.20
-332.2 -1.20
-332.1 -1.20
-332.0 -1.20
-331.9 -1.20
-331.8 -1.20
-331.7 -1.20
-331.6 -1.20
-331.5 -1.20
-331.4 -1.19
-331.3 -1.19
-331.2 -1.19
-331.1 -1.19
-331.0 -1.19
-330.9 -1.19
-330.8 -1.19
-330.7 -1.19
-330.6 -1.19
-330.5 -1.19
-330.4 -1.18
-330.3 -1.18
-330.2 -1.18
-330.1 -1.18
-330.0 -1.18
-329.9 -1.18
-329.8 -1.18
-329.7 -1.18
-329.6 -1.18
-329.5 -1.18
-329.4 -1.17
-329.3 -1.17
-329.2 -1.17
-329.1 -1.17
-329.0 -1.17
-328.9 -1.17
-328.8 -1.17
-328.7 -1.17
-328.6 -1.17
-328.5 -1.17
-328.4 -1.16
-328.3 -1.16
-328.2 -1.16
-328.1 -1.16
-328.0 -1.16
-327.9 -1.16
-327.8 -1.16
-327.7 -1.16
-327.6 -1.16
-327.5 -1.16
-327.4 -1.16
-327.3 -1.16
-327.2 -1.16
-327.1 -1.16
-327.0 -1.16
-326.9 -1.16
-326.8 -1.16
-326.7 -1.16
-326.6 -1.16
-326.5 -1.16
-326.4 -1.15
-326.3 -1.15
-326.2 -1.15
-326.1 -1.15
-326.0 -1.15
-325.9 -1.15
-325.8 -1.15
-325.7 -1.15
-325.6 -1.15
-325.5 -1.15
-325.4 -1.14
-325.3 -1.14
-325.2 -1.14
-325.1 -1.14
-325.0 -1.14
-324.9 -1.14
-324.8 -1.14
-324.7 -1.14
-324.6 -1.14
-324.5 -1.14
-324.4 -1.13
-324.3 -1.13
-324.2 -1.13
-324.1 -1.13
-324.0 -1.13
-323.9 -1.13
-323.8 -1.13
-323.7 -1.13
-323.6 -1.13
-323.5 -1.12
-323.4 -1.12
-323.3 -1.12
-323.2 -1.12
-323.1 -1.12
-323.0 -1.12
-322.9 -1.12
-322.8 -1.12
-322.7 -1.12
-322.6 -1.12
-322.5 -1.12
-322.4 -1.12
-322.3 -1.12
-322.2 -1.12
-322.1 -1.12
-322.0 -1.12
-321.9 -1.12
-321.8 -1.12
-321.7 -1.12
-321.6 -1.12
-321.5 -1.11
-321.4 -1.11
-321.3 -1.11
-321.2 -1.11
-321.1 -1.11
-321.0 -1.11
-320.9 -1.11
-320.8 -1.11
-320.7 -1.11
-320.6 -1.11
-320.5 -1.10
-320.4 -1.10
-320.3 -1.10
-320.2 -1.10
-320.1 -1.10
-320.0 -1.10
-319.9 -1.10
-319.8 -1.10
-319.7 -1.10
-319.6 -1.10
-319.5 -1.09
-319.4 -1.09
-319.3 -1.09
-319.2 -1.09
-319.1 -1.09
-319.0 -1.09
-318.9 -1.09
-318.8 -1.09
-318.7 -1.09
-318.6 -1.09
-318.5 -1.08
-318.4 -1.08
-318.3 -1.08
-318.2 -1.08
-318.1 -1.08
-318.0 -1.08
-317.9 -1.08
-317.8 -1.08
-317.7 -1.08
-317.6 -1.08
-317.5 -1.07
-317.4 -1.07
-317.3 -1.07
-317.2 -1.07
-317.1 -1.07
-317.0 -1.07
-316.9 -1.07
-316.8 -1.07
-316.7 -1.07
-316.6 -1.07
-316.5 -1.07
-316.4 -1.07
-316.3 -1.07
-316.2 -1.07
-316.1 -1.07
-316.0 -1.07
-315.9 -1.07
-315.8 -1.07
-315.7 -1.07
-315.6 -1.07
-315.5 -1.06
-315.4 -1.06
-315.3 -1.06
-315.2 -1.06
-315.1 -1.06
-315.0 -1.06
-314.9 -1.06
-314.8 -1.06
-314.7 -1.06
-314.6 -1.06
-314.5 -1.05
-314.4 -1.05
-314.3 -1.05
-314.2 -1.05
-314.1 -1.05
-314.0 -1.05
-313.9 -1.05
-313.8 -1.05
-313.7 -1.05
-313.6 -1.05
-313.5 -1.04
-313.4 -1.04
-313.3 -1.04
-313.2 -1.04
-313.1 -1.04
-313.0 -1.04
-312.9 -1.04
-312.8 -1.04
-312.7 -1.04
-312.6 -1.04
-312.5 -1.04
-312.4 -1.04
-312.3 -1.04
-312.2 -1.04
-312.1 -1.04
-312.0 -1.04
-311.9 -1.04
-311.8 -1.04
-311.7 -1.04
-311.6 -1.04
-311.5 -1.03
-311.4 -1.03
-311.3 -1.03
-311.2 -1.03
-311.1 -1.03
-311.0 -1.03
-310.9 -1.03
-310.8 -1.03
-310.7 -1.03
-310.6 -1.03
-310.5 -1.02
-310.4 -1.02
-310.3 -1.02
-310.2 -1.02
-310.1 -1.02
-310.0 -1.02
-309.9 -1.02
-309.8 -1.02
-309.7 -1.02
-309.6 -1.02
-309.5 -1.01
-309.4 -1.01
-309.3 -1.01
-309.2 -1.01
-309.1 -1.01
-309.0 -1.01
-308.9 -1.01
-308.8 -1.01
-308.7 -1.01
-308.6 -1.01
-308.5 -1.00
-308.4 -1.00
-308.3 -1.00
-308.2 -1.00
-308.1 -1.00
-308.0 -1.00
-307.9 -1.00
-307.8 -1.00
-307.7 -1.00
-307.6 -1.00
-307.5 -1.00
-307.4 -1.00
-307.3 -1.00
-307.2 -1.00
-307.1 -1.00
-307.0 -1.00
-306.9 -1.00
-306.8 -1.00
-306.7 -1.00
-306.6 -1.00
-306.5 -0.99
-306.4 -0.99
-306.3 -0.99
-306.2 -0.99
-306.1 -0.99
-306.0 -0.99
-305.9 -0.99
-305.8 -0.99
-305.7 -0.99
-305.6 -0.99
-305.5 -0.98
-305.4 -0.98
-305.3 -0.98
-305.2 -0.98
-305.1 -0.98
-305.0 -0.98
-304.9 -0.98
-304.8 -0.98
-304.7 -0.98
-304.6 -0.98
-304.5 -0.97
-304.4 -0.97
-304.3 -0.97
-304.2 -0.97
-304.1 -0.97
-304.0 -0.97
-303.9 -0.97
-303.8 -0.97
-303.7 -0.97
-303.6 -0.97
-303.5 -0.96
-303.4 -0.96
-303.3 -0.96
-303.2 -0.96
-303.1 -0.96
-303.0 -0.96
-302.9 -0.96
-302.8 -0.96
-302.7 -0.96
-302.6 -0.96
-302.5 -0.96
-302.4 -0.96
-302.3 -0.96
-302.2 -0.96
-302.1 -0.96
-302.0 -0.96
-301.9 -0.96
-301.8 -0.96
-301.7 -0.96
-301.6 -0.96
-301.5 -0.95
-301.4 -0.95
-301.3 -0.95
-301.2 -0.95
-301.1 -0.95
-301.0 -0.95
-300.9 -0.95
-300.8 -0.95
-300.7 -0.95
-300.6 -0.95
-300.5 -0.94
-300.4 -0.94
-300.3 -0.94
-300.2 -0.94
-300.1 -0.94
-300.0 -0.94
-299.9 -0.94
-299.8 -0.94
-299.7 -0.94
-299.6 -0.94
-299.5 -0.94
-299.4 -0.93
-299.3 -0.93
-299.2 -0.93
-299.1 -0.93
-299.0 -0.93
-298.9 -0.93
-298.8 -0.93
-298.7 -0.93
-298.6 -0.93
-298.5 -0.93
-298.4 -0.93
-298.3 -0.93
-298.2 -0.93
-298.1 -0.93
-298.0 -0.93
-297.9 -0.93
-297.8 -0.93
-297.7 -0.93
-297.6 -0.93
-297.5 -0.93
-297.4 -0.92
-297.3 -0.92
-297.2 -0.92
-297.1 -0.92
-297.0 -0.92
-296.9 -0.92
-296.8 -0.92
-296.7 -0.92
-296.6 -0.92
-296.5 -0.92
-296.4 -0.91
-296.3 -0.91
-296.2 -0.91
-296.1 -0.91
-296.0 -0.91
-295.9 -0.91
-295.8 -0.91
-295.7 -0.91
-295.6 -0.91
-295.5 -0.91
-295.4 -0.90
-295.3 -0.90
-295.2 -0.90
-295.1 -0.90
-295.0 -0.90
-294.9 -0.90
-294.8 -0.90
-294.7 -0.90
-294.6 -0.90
-294.5 -0.90
-294.4 -0.90
-294.3 -0.90
-294.2 -0.90
-294.1 -0.90
-294.0 -0.90
-293.9 -0.90
-293.8 -0.90
-293.7 -0.90
-293.6 -0.90
-293.5 -0.90
-293.4 -0.89
-293.3 -0.89
-293.2 -0.89
-293.1 -0.89
-293.0 -0.89
-292.9 -0.89
-292.8 -0.89
-292.7 -0.89
-292.6 -0.89
-292.5 -0.89
-292.4 -0.88
-292.3 -0.88
-292.2 -0.88
-292.1 -0.88
-292.0 -0.88
-291.9 -0.88
-291.8 -0.88
-291.7 -0.88
-291.6 -0.88
-291.5 -0.88
-291.4 -0.88
-291.3 -0.88
-291.2 -0.88
-291.1 -0.88
-291.0 -0.88
-290.9 -0.88
-290.8 -0.88
-290.7 -0.88
-290.6 -0.88
-290.5 -0.88
-290.4 -0.87
-290.3 -0.87
-290.2 -0.87
-290.1 -0.87
-290.0 -0.87
-289.9 -0.87
-289.8 -0.87
-289.7 -0.87
-289.6 -0.87
-289.5 -0.86
-289.4 -0.86
-289.3 -0.86
-289.2 -0.86
-289.1 -0.86
-289.0 -0.86
-288.9 -0.86
-288.8 -0.86
-288.7 -0.86
-288.6 -0.86
-288.5 -0.85
-288.4 -0.85
-288.3 -0.85
-288.2 -0.85
-288.1 -0.85
-288.0 -0.85
-287.9 -0.85
-287.8 -0.85
-287.7 -0.85
-287.6 -0.85
-287.5 -0.85
-287.4 -0.85
-287.3 -0.85
-287.2 -0.85
-287.1 -0.85
-287.0 -0.85
-286.9 -0.85
-286.8 -0.85
-286.7 -0.85
-286.6 -0.85
-286.5 -0.84
-286.4 -0.84
-286.3 -0.84
-286.2 -0.84
-286.1 -0.84
-286.0 -0.84
-285.9 -0.84
-285.8 -0.84
-285.7 -0.84
-285.6 -0.84
-285.5 -0.83
-285.4 -0.83
-285.3 -0.83
-285.2 -0.83
-285.1 -0.83
-285.0 -0.83
-284.9 -0.83
-284.8 -0.83
-284.7 -0.83
-284.6 -0.83
-284.5 -0.83
-284.4 -0.83
-284.3 -0.83
-284.2 -0.83
-284.1 -0.83
-284.0 -0.83
-283.9 -0.83
-283.8 -0.83
-283.7 -0.83
-283.6 -0.83
-283.5 -0.82
-283.4 -0.82
-283.3 -0.82
-283.2 -0.82
-283.1 -0.82
-283.0 -0.82
-282.9 -0.82
-282.8 -0.82
-282.7 -0.82
-282.6 -0.82
-282.5 -0.81
-282.4 -0.81
-282.3 -0.81
-282.2 -0.81
-282.1 -0.81
-282.0 -0.81
-281.9 -0.81
-281.8 -0.81
-281.7 -0.81
-281.6 -0.81
-281.5 -0.81
-281.4 -0.81
-281.3 -0.81
-281.2 -0.81
-281.1 -0.81
-281.0 -0.81
-280.9 -0.81
-280.8 -0.81
-280.7 -0.81
-280.6 -0.81
-280.5 -0.81
-280.4 -0.80
-280.3 -0.80
-280.2 -0.80
-280.1 -0.80
-280.0 -0.80
-279.9 -0.80
-279.8 -0.80
-279.7 -0.80
-279.6 -0.80
-279.5 -0.80
-279.4 -0.79
-279.3 -0.79
-279.2 -0.79
-279.1 -0.79
-279.0 -0.79
-278.9 -0.79
-278.8 -0.79
-278.7 -0.79
-278.6 -0.79
-278.5 -0.79
-278.4 -0.79
-278.3 -0.79
-278.2 -0.79
-278.1 -0.79
-278.0 -0.79
-277.9 -0.79
-277.8 -0.79
-277.7 -0.79
-277.6 -0.79
-277.5 -0.79
-277.4 -0.78
-277.3 -0.78
-277.2 -0.78
-277.1 -0.78
-277.0 -0.78
-276.9 -0.78
-276.8 -0.78
-276.7 -0.78
-276.6 -0.78
-276.5 -0.78
-276.4 -0.77
-276.3 -0.77
-276.2 -0.77
-276.1 -0.77
-276.0 -0.77
-275.9 -0.77
-275.8 -0.77
-275.7 -0.77
-275.6 -0.77
-275.5 -0.77
-275.4 -0.77
-275.3 -0.77
-275.2 -0.77
-275.1 -0.77
-275.0 -0.77
-274.9 -0.77
-274.8 -0.77
-274.7 -0.77
-274.6 -0.77
-274.5 -0.77
-274.4 -0.76
-274.3 -0.76
-274.2 -0.76
-274.1 -0.76
-274.0 -0.76
-273.9 -0.76
-273.8 -0.76
-273.7 -0.76
-273.6 -0.76
-273.5 -0.76
-273.4 -0.75
-273.3 -0.75
-273.2 -0.75
-273.1 -0.75
-273.0 -0.75
-272.9 -0.75
-272.8 -0.75
-272.7 -0.75
-272.6 -0.75
-272.5 -0.75
-272.4 -0.75
-272.3 -0.75
-272.2 -0.75
-272.1 -0.75
-272.0 -0.75
-271.9 -0.75
-271.8 -0.75
-271.7 -0.75
-271.6 -0.75
-271.5 -0.74
-271.4 -0.74
-271.3 -0.74
-271.2 -0.74
-271.1 -0.74
-271.0 -0.74
-270.9 -0.74
-270.8 -0.74
-270.7 -0.74
-270.6 -0.74
-270.5 -0.73
-270.4 -0.73
-270.3 -0.73
-270.2 -0.73
-270.1 -0.73
-270.0 -0.73
-269.9 -0.73
-269.8 -0.73
-269.7 -0.73
-269.6 -0.73
-269.5 -0.73
-269.4 -0.73
-269.3 -0.73
-269.2 -0.73
-269.1 -0.73
-269.0 -0.73
-268.9 -0.73
-268.8 -0.73
-268.7 -0.73
-268.6 -0.73
-268.5 -0.72
-268.4 -0.72
-268.3 -0.72
-268.2 -0.72
-268.1 -0.72
-268.0 -0.72
-267.9 -0.72
-267.8 -0.72
-267.7 -0.72
-267.6 -0.72
-267.5 -0.71
-267.4 -0.71
-267.3 -0.71
-267.2 -0.71
-267.1 -0.71
-267.0 -0.71
-266.9 -0.71
-266.8 -0.71
-266.7 -0.71
-266.6 -0.71
-266.5 -0.71
-266.4 -0.71
-266.3 -0.71
-266.2 -0.71
-266.1 -0.71
-266.0 -0.71
-265.9 -0.71
-265.8 -0.71
-265.7 -0.71
-265.6 -0.71
-265.5 -0.70
-265.4 -0.70
-265.3 -0.70
-265.2 -0.70
-265.1 -0.70
-265.0 -0.70
-264.9 -0.70
-264.8 -0.70
-264.7 -0.70
-264.6 -0.70
-264.5 -0.69
-264.4 -0.69
-264.3 -0.69
-264.2 -0.69
-264.1 -0.69
-264.0 -0.69
-263.9 -0.69
-263.8 -0.69
-263.7 -0.69
-263.6 -0.69
-263.5 -0.69
-263.4 -0.69
-263.3 -0.69
-263.2 -0.69
-263.1 -0.69
-263.0 -0.69
-262.9 -0.69
-262.8 -0.69
-262.7 -0.69
-262.6 -0.69
-262.5 -0.69
-262.4 -0.68
-262.3 -0.68
-262.2 -0.68
-262.1 -0.68
-262.0 -0.68
-261.9 -0.68
-261.8 -0.68
-261.7 -0.68
-261.6 -0.68
-261.5 -0.68
-261.4 -0.67
-261.3 -0.67
-261.2 -0.67
-261.1 -0.67
-261.0 -0.67
-260.9 -0.67
-260.8 -0.67
-260.7 -0.67
-260.6 -0.67
-260.5 -0.67
-260.4 -0.67
-260.3 -0.67
-260.2 -0.67
-260.1 -0.67
-260.0 -0.67
-259.9 -0.67
-259.8 -0.67
-259.7 -0.67
-259.6 -0.67
-259.5 -0.67
-259.4 -0.66
-259.3 -0.66
-259.2 -0.66
-259.1 -0.66
-259.0 -0.66
-258.9 -0.66
-258.8 -0.66
-258.7 -0.66
-258.6 -0.66
-258.5 -0.66
-258.4 -0.65
-258.3 -0.65
-258.2 -0.65
-258.1 -0.65
-258.0 -0.65
-257.9 -0.65
-257.8 -0.65
-257.7 -0.65
-257.6 -0.65
-257.5 -0.65
-257.4 -0.65
-257.3 -0.65
-257.2 -0.65
-257.1 -0.65
-257.0 -0.65
-256.9 -0.65
-256.8 -0.65
-256.7 -0.65
-256.6 -0.65
-256.5 -0.65
-256.4 -0.64
-256.3 -0.64
-256.2 -0.64
-256.1 -0.64
-256.0 -0.64
-255.9 -0.64
-255.8 -0.64
-255.7 -0.64
-255.6 -0.64
-255.5 -0.64
-255.4 -0.63
-255.3 -0.63
-255.2 -0.63
-255.1 -0.63
-255.0 -0.63
-254.9 -0.63
-254.8 -0.63
-254.7 -0.63
-254.6 -0.63
-254.5 -0.63
-254.4 -0.63
-254.3 -0.63
-254.2 -0.63
-254.1 -0.63
-254.0 -0.63
-253.9 -0.63
-253.8 -0.63
-253.7 -0.63
-253.6 -0.63
-253.5 -0.62
-253.4 -0.62
-253.3 -0.62
-253.2 -0.62
-253.1 -0.62
-253.0 -0.62
-252.9 -0.62
-252.8 -0.62
-252.7 -0.62
-252.6 -0.62
-252.5 -0.61
-252.4 -0.61
-252.3 -0.61
-252.2 -0.61
-252.1 -0.61
-252.0 -0.61
-251.9 -0.61
-251.8 -0.61
-251.7 -0.61
-251.6 -0.61
-251.5 -0.61
-251.4 -0.61
-251.3 -0.61
-251.2 -0.61
-251.1 -0.61
-251.0 -0.61
-250.9 -0.61
-250.8 -0.61
-250.7 -0.61
-250.6 -0.61
-250.5 -0.60
-250.4 -0.60
-250.3 -0.60
-250.2 -0.60
-250.1 -0.60
-250.0 -0.60
-249.9 -0.60
-249.8 -0.60
-249.7 -0.60
-249.6 -0.60
-249.5 -0.60
-249.4 -0.60
-249.3 -0.60
-249.2 -0.60
-249.1 -0.60
-249.0 -0.60
-248.9 -0.60
-248.8 -0.60
-248.7 -0.60
-248.6 -0.60
-248.5 -0.59
-248.4 -0.59
-248.3 -0.59
-248.2 -0.59
-248.1 -0.59
-248.0 -0.59
-247.9 -0.59
-247.8 -0.59
-247.7 -0.59
-247.6 -0.59
-247.5 -0.58
-247.4 -0.58
-247.3 -0.58
-247.2 -0.58
-247.1 -0.58
-247.0 -0.58
-246.9 -0.58
-246.8 -0.58
-246.7 -0.58
-246.6 -0.58
-246.5 -0.58
-246.4 -0.58
-246.3 -0.58
-246.2 -0.58
-246.1 -0.58
-246.0 -0.58
-245.9 -0.58
-245.8 -0.58
-245.7 -0.58
-245.6 -0.58
-245.5 -0.57
-245.4 -0.57
-245.3 -0.57
-245.2 -0.57
-245.1 -0.57
-245.0 -0.57
-244.9 -0.57
-244.8 -0.57
-244.7 -0.57
-244.6 -0.57
-244.5 -0.57
-244.4 -0.57
-244.3 -0.57
-244.2 -0.57
-244.1 -0.57
-244.0 -0.57
-243.9 -0.57
-243.8 -0.57
-243.7 -0.57
-243.6 -0.57
-243.5 -0.56
-243.4 -0.56
-243.3 -0.56
-243.2 -0.56
-243.1 -0.56
-243.0 -0.56
-242.9 -0.56
-242.8 -0.56
-242.7 -0.56
-242.6 -0.56
-242.5 -0.56
-242.4 -0.56
-242.3 -0.56
-242.2 -0.56
-242.1 -0.56
-242.0 -0.56
-241.9 -0.56
-241.8 -0.56
-241.7 -0.56
-241.6 -0.56
-241.5 -0.56
-241.4 -0.55
-241.3 -0.55
-241.2 -0.55
-241.1 -0.55
-241.0 -0.55
-240.9 -0.55
-240.8 -0.55
-240.7 -0.55
-240.6 -0.55
-240.5 -0.55
-240.4 -0.54
-240.3 -0.54
-240.2 -0.54
-240.1 -0.54
-240.0 -0.54
-239.9 -0.54
-239.8 -0.54
-239.7 -0.54
-239.6 -0.54
-239.5 -0.54
-239.4 -0.54
-239.3 -0.54
-239.2 -0.54
-239.1 -0.54
-239.0 -0.54
-238.9 -0.54
-238.8 -0.54
-238.7 -0.54
-238.6 -0.54
-238.5 -0.54
-238.4 -0.53
-238.3 -0.53
-238.2 -0.53
-238.1 -0.53
-238.0 -0.53
-237.9 -0.53
-237.8 -0.53
-237.7 -0.53
-237.6 -0.53
-237.5 -0.53
-237.4 -0.53
-237.3 -0.53
-237.2 -0.53
-237.1 -0.53
-237.0 -0.53
-236.9 -0.53
-236.8 -0.53
-236.7 -0.53
-236.6 -0.53
-236.5 -0.53
-236.4 -0.52
-236.3 -0.52
-236.2 -0.52
-236.1 -0.52
-236.0 -0.52
-235.9 -0.52
-235.8 -0.52
-235.7 -0.52
-235.6 -0.52
-235.5 -0.52
-235.4 -0.52
-235.3 -0.52
-235.2 -0.52
-235.1 -0.52
-235.0 -0.52
-234.9 -0.52
-234.8 -0.52
-234.7 -0.52
-234.6 -0.52
-234.5 -0.51
-234.4 -0.51
-234.3 -0.51
-234.2 -0.51
-234.1 -0.51
-234.0 -0.51
-233.9 -0.51
-233.8 -0.51
-233.7 -0.51
-233.6 -0.51
-233.5 -0.51
-233.4 -0.51
-233.3 -0.51
-233.2 -0.51
-233.1 -0.51
-233.0 -0.51
-232.9 -0.51
-232.8 -0.51
-232.7 -0.51
-232.6 -0.51
-232.5 -0.51
-232.4 -0.51
-232.3 -0.51
-232.2 -0.51
-232.1 -0.51
-232.0 -0.51
-231.9 -0.51
-231.8 -0.51
-231.7 -0.51
-231.6 -0.51
-231.5 -0.51
-231.4 -0.50
-231.3 -0.50
-231.2 -0.50
-231.1 -0.50
-231.0 -0.50
-230.9 -0.50
-230.8 -0.50
-230.7 -0.50
-230.6 -0.50
-230.5 -0.50
-230.4 -0.50
-230.3 -0.50
-230.2 -0.50
-230.1 -0.50
-230.0 -0.50
-229.9 -0.50
-229.8 -0.50
-229.7 -0.50
-229.6 -0.50
-229.5 -0.49
-229.4 -0.49
-229.3 -0.49
-229.2 -0.49
-229.1 -0.49
-229.0 -0.49
-228.9 -0.49
-228.8 -0.49
-228.7 -0.49
-228.6 -0.49
-228.5 -0.49
-228.4 -0.49
-228.3 -0.49
-228.2 -0.49
-228.1 -0.49
-228.0 -0.49
-227.9 -0.49
-227.8 -0.49
-227.7 -0.49
-227.6 -0.49
-227.5 -0.49
-227.4 -0.49
-227.3 -0.49
-227.2 -0.49
-227.1 -0.49
-227.0 -0.49
-226.9 -0.49
-226.8 -0.49
-226.7 -0.49
-226.6 -0.49
-226.5 -0.48
-226.4 -0.48
-226.3 -0.48
-226.2 -0.48
-226.1 -0.48
-226.0 -0.48
-225.9 -0.48
-225.8 -0.48
-225.7 -0.48
-225.6 -0.48
-225.5 -0.48
-225.4 -0.48
-225.3 -0.48
-225.2 -0.48
-225.1 -0.48
-225.0 -0.48
-224.9 -0.48
-224.8 -0.48
-224.7 -0.48
-224.6 -0.48
-224.5 -0.48
-224.4 -0.48
-224.3 -0.48
-224.2 -0.48
-224.1 -0.48
-224.0 -0.48
-223.9 -0.48
-223.8 -0.48
-223.7 -0.48
-223.6 -0.48
-223.5 -0.47
-223.4 -0.47
-223.3 -0.47
-223.2 -0.47
-223.1 -0.47
-223.0 -0.47
-222.9 -0.47
-222.8 -0.47
-222.7 -0.47
-222.6 -0.47
-222.5 -0.47
-222.4 -0.47
-222.3 -0.47
-222.2 -0.47
-222.1 -0.47
-222.0 -0.47
-221.9 -0.47
-221.8 -0.47
-221.7 -0.47
-221.6 -0.47
-221.5 -0.47
-221.4 -0.47
-221.3 -0.47
-221.2 -0.47
-221.1 -0.47
-221.0 -0.47
-220.9 -0.47
-220.8 -0.47
-220.7 -0.47
-220.6 -0.47
-220.5 -0.47
-220.4 -0.46
-220.3 -0.46
-220.2 -0.46
-220.1 -0.46
-220.0 -0.46
-219.9 -0.46
-219.8 -0.46
-219.7 -0.46
-219.6 -0.46
-219.5 -0.46
-219.4 -0.46
-219.3 -0.46
-219.2 -0.46
-219.1 -0.46
-219.0 -0.46
-218.9 -0.46
-218.8 -0.46
-218.7 -0.46
-218.6 -0.46
-218.5 -0.45
-218.4 -0.45
-218.3 -0.45
-218.2 -0.45
-218.1 -0.45
-218.0 -0.45
-217.9 -0.45
-217.8 -0.45
-217.7 -0.45
-217.6 -0.45
-217.5 -0.45
-217.4 -0.45
-217.3 -0.45
-217.2 -0.45
-217.1 -0.45
-217.0 -0.45
-216.9 -0.45
-216.8 -0.45
-216.7 -0.45
-216.6 -0.45
-216.5 -0.45
-216.4 -0.45
-216.3 -0.45
-216.2 -0.45
-216.1 -0.45
-216.0 -0.45
-215.9 -0.45
-215.8 -0.45
-215.7 -0.45
-215.6 -0.45
-215.5 -0.45
-215.4 -0.44
-215.3 -0.44
-215.2 -0.44
-215.1 -0.44
-215.0 -0.44
-214.9 -0.44
-214.8 -0.44
-214.7 -0.44
-214.6 -0.44
-214.5 -0.44
-214.4 -0.44
-214.3 -0.44
-214.2 -0.44
-214.1 -0.44
-214.0 -0.44
-213.9 -0.44
-213.8 -0.44
-213.7 -0.44
-213.6 -0.44
-213.5 -0.44
-213.4 -0.44
-213.3 -0.44
-213.2 -0.44
-213.1 -0.44
-213.0 -0.44
-212.9 -0.44
-212.8 -0.44
-212.7 -0.44
-212.6 -0.44
-212.5 -0.43
-212.4 -0.43
-212.3 -0.43
-212.2 -0.43
-212.1 -0.43
-212.0 -0.43
-211.9 -0.43
-211.8 -0.43
-211.7 -0.43
-211.6 -0.43
-211.5 -0.43
-211.4 -0.43
-211.3 -0.43
-211.2 -0.43
-211.1 -0.43
-211.0 -0.43
-210.9 -0.43
-210.8 -0.43
-210.7 -0.43
-210.6 -0.43
-210.5 -0.43
-210.4 -0.43
-210.3 -0.43
-210.2 -0.43
-210.1 -0.43
-210.0 -0.43
-209.9 -0.43
-209.8 -0.43
-209.7 -0.43
-209.6 -0.43
-209.5 -0.43
-209.4 -0.42
-209.3 -0.42
-209.2 -0.42
-209.1 -0.42
-209.0 -0.42
-208.9 -0.42
-208.8 -0.42
-208.7 -0.42
-208.6 -0.42
-208.5 -0.42
-208.4 -0.42
-208.3 -0.42
-208.2 -0.42
-208.1 -0.42
-208.0 -0.42
-207.9 -0.42
-207.8 -0.42
-207.7 -0.42
-207.6 -0.42
-207.5 -0.41
-207.4 -0.41
-207.3 -0.41
-207.2 -0.41
-207.1 -0.41
-207.0 -0.41
-206.9 -0.41
-206.8 -0.41
-206.7 -0.41
-206.6 -0.41
-206.5 -0.41
-206.4 -0.41
-206.3 -0.41
-206.2 -0.41
-206.1 -0.41
-206.0 -0.41
-205.9 -0.41
-205.8 -0.41
-205.7 -0.41
-205.6 -0.41
-205.5 -0.41
-205.4 -0.41
-205.3 -0.41
-205.2 -0.41
-205.1 -0.41
-205.0 -0.41
-204.9 -0.41
-204.8 -0.41
-204.7 -0.41
-204.6 -0.41
-204.5 -0.41
-204.4 -0.40
-204.3 -0.40
-204.2 -0.40
-204.1 -0.40
-204.0 -0.40
-203.9 -0.40
-203.8 -0.40
-203.7 -0.40
-203.6 -0.40
-203.5 -0.40
-203.4 -0.40
-203.3 -0.40
-203.2 -0.40
-203.1 -0.40
-203.0 -0.40
-202.9 -0.40
-202.8 -0.40
-202.7 -0.40
-202.6 -0.40
-202.5 -0.40
-202.4 -0.40
-202.3 -0.40
-202.2 -0.40
-202.1 -0.40
-202.0 -0.40
-201.9 -0.40
-201.8 -0.40
-201.7 -0.40
-201.6 -0.40
-201.5 -0.40
-201.4 -0.39
-201.3 -0.39
-201.2 -0.39
-201.1 -0.39
-201.0 -0.39
-200.9 -0.39
-200.8 -0.39
-200.7 -0.39
-200.6 -0.39
-200.5 -0.39
-200.4 -0.39
-200.3 -0.39
-200.2 -0.39
-200.1 -0.39
-200.0 -0.39
-199.9 -0.39
-199.8 -0.39
-199.7 -0.39
-199.6 -0.39
-199.5 -0.39
-199.4 -0.39
-199.3 -0.39
-199.2 -0.39
-199.1 -0.39
-199.0 -0.39
-198.9 -0.39
-198.8 -0.39
-198.7 -0.39
-198.6 -0.39
-198.5 -0.39
-198.4 -0.38
-198.3 -0.38
-198.2 -0.38
-198.1 -0.38
-198.0 -0.38
-197.9 -0.38
-197.8 -0.38
-197.7 -0.38
-197.6 -0.38
-197.5 -0.38
-197.4 -0.38
-197.3 -0.38
-197.2 -0.38
-197.1 -0.38
-197.0 -0.38
-196.9 -0.38
-196.8 -0.38
-196.7 -0.38
-196.6 -0.38
-196.5 -0.38
-196.4 -0.38
-196.3 -0.38
-196.2 -0.38
-196.1 -0.38
-196.0 -0.38
-195.9 -0.38
-195.8 -0.38
-195.7 -0.38
-195.6 -0.38
-195.5 -0.38
-195.4 -0.37
-195.3 -0.37
-195.2 -0.37
-195.1 -0.37
-195.0 -0.37
-194.9 -0.37
-194.8 -0.37
-194.7 -0.37
-194.6 -0.37
-194.5 -0.37
-194.4 -0.37
-194.3 -0.37
-194.2 -0.37
-194.1 -0.37
-194.0 -0.37
-193.9 -0.37
-193.8 -0.37
-193.7 -0.37
-193.6 -0.37
-193.5 -0.37
-193.4 -0.37
-193.3 -0.37
-193.2 -0.37
-193.1 -0.37
-193.0 -0.37
-192.9 -0.37
-192.8 -0.37
-192.7 -0.37
-192.6 -0.37
-192.5 -0.36
-192.4 -0.36
-192.3 -0.36
-192.2 -0.36
-192.1 -0.36
-192.0 -0.36
-191.9 -0.36
-191.8 -0.36
-191.7 -0.36
-191.6 -0.36
-191.5 -0.36
-191.4 -0.36
-191.3 -0.36
-191.2 -0.36
-191.1 -0.36
-191.0 -0.36
-190.9 -0.36
-190.8 -0.36
-190.7 -0.36
-190.6 -0.36
-190.5 -0.36
-190.4 -0.36
-190.3 -0.36
-190.2 -0.36
-190.1 -0.36
-190.0 -0.36
-189.9 -0.36
-189.8 -0.36
-189.7 -0.36
-189.6 -0.36
-189.5 -0.35
-189.4 -0.35
-189.3 -0.35
-189.2 -0.35
-189.1 -0.35
-189.0 -0.35
-188.9 -0.35
-188.8 -0.35
-188.7 -0.35
-188.6 -0.35
-188.5 -0.35
-188.4 -0.35
-188.3 -0.35
-188.2 -0.35
-188.1 -0.35
-188.0 -0.35
-187.9 -0.35
-187.8 -0.35
-187.7 -0.35
-187.6 -0.35
-187.5 -0.35
-187.4 -0.35
-187.3 -0.35
-187.2 -0.35
-187.1 -0.35
-187.0 -0.35
-186.9 -0.35
-186.8 -0.35
-186.7 -0.35
-186.6 -0.35
-186.5 -0.35
-186.4 -0.35
-186.3 -0.35
-186.2 -0.35
-186.1 -0.35
-186.0 -0.35
-185.9 -0.35
-185.8 -0.35
-185.7 -0.35
-185.6 -0.35
-185.5 -0.34
-185.4 -0.34
-185.3 -0.34
-185.2 -0.34
-185.1 -0.34
-185.0 -0.34
-184.9 -0.34
-184.8 -0.34
-184.7 -0.34
-184.6 -0.34
-184.5 -0.34
-184.4 -0.34
-184.3 -0.34
-184.2 -0.34
-184.1 -0.34
-184.0 -0.34
-183.9 -0.34
-183.8 -0.34
-183.7 -0.34
-183.6 -0.34
-183.5 -0.34
-183.4 -0.34
-183.3 -0.34
-183.2 -0.34
-183.1 -0.34
-183.0 -0.34
-182.9 -0.34
-182.8 -0.34
-182.7 -0.34
-182.6 -0.34
-182.5 -0.34
-182.4 -0.33
-182.3 -0.33
-182.2 -0.33
-182.1 -0.33
-182.0 -0.33
-181.9 -0.33
-181.8 -0.33
-181.7 -0.33
-181.6 -0.33
-181.5 -0.33
-181.4 -0.33
-181.3 -0.33
-181.2 -0.33
-181.1 -0.33
-181.0 -0.33
-180.9 -0.33
-180.8 -0.33
-180.7 -0.33
-180.6 -0.33
-180.5 -0.33
-180.4 -0.33
-180.3 -0.33
-180.2 -0.33
-180.1 -0.33
-180.0 -0.33
-179.9 -0.33
-179.8 -0.33
-179.7 -0.33
-179.6 -0.33
-179.5 -0.33
-179.4 -0.32
-179.3 -0.32
-179.2 -0.32
-179.1 -0.32
-179.0 -0.32
-178.9 -0.32
-178.8 -0.32
-178.7 -0.32
-178.6 -0.32
-178.5 -0.32
-178.4 -0.32
-178.3 -0.32
-178.2 -0.32
-178.1 -0.32
-178.0 -0.32
-177.9 -0.32
-177.8 -0.32
-177.7 -0.32
-177.6 -0.32
-177.5 -0.32
-177.4 -0.32
-177.3 -0.32
-177.2 -0.32
-177.1 -0.32
-177.0 -0.32
-176.9 -0.32
-176.8 -0.32
-176.7 -0.32
-176.6 -0.32
-176.5 -0.32
-176.4 -0.32
-176.3 -0.32
-176.2 -0.32
-176.1 -0.32
-176.0 -0.32
-175.9 -0.32
-175.8 -0.32
-175.7 -0.32
-175.6 -0.32
-175.5 -0.32
-175.4 -0.31
-175.3 -0.31
-175.2 -0.31
-175.1 -0.31
-175.0 -0.31
-174.9 -0.31
-174.8 -0.31
-174.7 -0.31
-174.6 -0.31
-174.5 -0.31
-174.4 -0.31
-174.3 -0.31
-174.2 -0.31
-174.1 -0.31
-174.0 -0.31
-173.9 -0.31
-173.8 -0.31
-173.7 -0.31
-173.6 -0.31
-173.5 -0.31
-173.4 -0.31
-173.3 -0.31
-173.2 -0.31
-173.1 -0.31
-173.0 -0.31
-172.9 -0.31
-172.8 -0.31
-172.7 -0.31
-172.6 -0.31
-172.5 -0.31
-172.4 -0.31
-172.3 -0.31
-172.2 -0.31
-172.1 -0.31
-172.0 -0.31
-171.9 -0.31
-171.8 -0.31
-171.7 -0.31
-171.6 -0.31
-171.5 -0.30
-171.4 -0.30
-171.3 -0.30
-171.2 -0.30
-171.1 -0.30
-171.0 -0.30
-170.9 -0.30
-170.8 -0.30
-170.7 -0.30
-170.6 -0.30
-170.5 -0.30
-170.4 -0.30
-170.3 -0.30
-170.2 -0.30
-170.1 -0.30
-170.0 -0.30
-169.9 -0.30
-169.8 -0.30
-169.7 -0.30
-169.6 -0.30
-169.5 -0.30
-169.4 -0.30
-169.3 -0.30
-169.2 -0.30
-169.1 -0.30
-169.0 -0.30
-168.9 -0.30
-168.8 -0.30
-168.7 -0.30
-168.6 -0.30
-168.5 -0.29
-168.4 -0.29
-168.3 -0.29
-168.2 -0.29
-168.1 -0.29
-168.0 -0.29
-167.9 -0.29
-167.8 -0.29
-167.7 -0.29
-167.6 -0.29
-167.5 -0.29
-167.4 -0.29
-167.3 -0.29
-167.2 -0.29
-167.1 -0.29
-167.0 -0.29
-166.9 -0.29
-166.8 -0.29
-166.7 -0.29
-166.6 -0.29
-166.5 -0.29
-166.4 -0.29
-166.3 -0.29
-166.2 -0.29
-166.1 -0.29
-166.0 -0.29
-165.9 -0.29
-165.8 -0.29
-165.7 -0.29
-165.6 -0.29
-165.5 -0.29
-165.4 -0.29
-165.3 -0.29
-165.2 -0.29
-165.1 -0.29
-165.0 -0.29
-164.9 -0.29
-164.8 -0.29
-164.7 -0.29
-164.6 -0.29
-164.5 -0.28
-164.4 -0.28
-164.3 -0.28
-164.2 -0.28
-164.1 -0.28
-164.0 -0.28
-163.9 -0.28
-163.8 -0.28
-163.7 -0.28
-163.6 -0.28
-163.5 -0.28
-163.4 -0.28
-163.3 -0.28
-163.2 -0.28
-163.1 -0.28
-163.0 -0.28
-162.9 -0.28
-162.8 -0.28
-162.7 -0.28
-162.6 -0.28
-162.5 -0.28
-162.4 -0.28
-162.3 -0.28
-162.2 -0.28
-162.1 -0.28
-162.0 -0.28
-161.9 -0.28
-161.8 -0.28
-161.7 -0.28
-161.6 -0.28
-161.5 -0.28
-161.4 -0.28
-161.3 -0.28
-161.2 -0.28
-161.1 -0.28
-161.0 -0.28
-160.9 -0.28
-160.8 -0.28
-160.7 -0.28
-160.6 -0.28
-160.5 -0.28
-160.4 -0.27
-160.3 -0.27
-160.2 -0.27
-160.1 -0.27
-160.0 -0.27
-159.9 -0.27
-159.8 -0.27
-159.7 -0.27
-159.6 -0.27
-159.5 -0.27
-159.4 -0.27
-159.3 -0.27
-159.2 -0.27
-159.1 -0.27
-159.0 -0.27
-158.9 -0.27
-158.8 -0.27
-158.7 -0.27
-158.6 -0.27
-158.5 -0.27
-158.4 -0.27
-158.3 -0.27
-158.2 -0.27
-158.1 -0.27
-158.0 -0.27
-157.9 -0.27
-157.8 -0.27
-157.7 -0.27
-157.6 -0.27
-157.5 -0.27
-157.4 -0.27
-157.3 -0.27
-157.2 -0.27
-157.1 -0.27
-157.0 -0.27
-156.9 -0.27
-156.8 -0.27
-156.7 -0.27
-156.6 -0.27
-156.5 -0.27
-156.4 -0.26
-156.3 -0.26
-156.2 -0.26
-156.1 -0.26
-156.0 -0.26
-155.9 -0.26
-155.8 -0.26
-155.7 -0.26
-155.6 -0.26
-155.5 -0.26
-155.4 -0.26
-155.3 -0.26
-155.2 -0.26
-155.1 -0.26
-155.0 -0.26
-154.9 -0.26
-154.8 -0.26
-154.7 -0.26
-154.6 -0.26
-154.5 -0.26
-154.4 -0.26
-154.3 -0.26
-154.2 -0.26
-154.1 -0.26
-154.0 -0.26
-153.9 -0.26
-153.8 -0.26
-153.7 -0.26
-153.6 -0.26
-153.5 -0.26
-153.4 -0.26
-153.3 -0.26
-153.2 -0.26
-153.1 -0.26
-153.0 -0.26
-152.9 -0.26
-152.8 -0.26
-152.7 -0.26
-152.6 -0.26
-152.5 -0.26
-152.4 -0.26
-152.3 -0.26
-152.2 -0.26
-152.1 -0.26
-152.0 -0.26
-151.9 -0.26
-151.8 -0.26
-151.7 -0.26
-151.6 -0.26
-151.5 -0.26
-151.4 -0.25
-151.3 -0.25
-151.2 -0.25
-151.1 -0.25
-151.0 -0.25
-150.9 -0.25
-150.8 -0.25
-150.7 -0.25
-150.6 -0.25
-150.5 -0.25
-150.4 -0.25
-150.3 -0.25
-150.2 -0.25
-150.1 -0.25
-150.0 -0.25
-149.9 -0.25
-149.8 -0.25
-149.7 -0.25
-149.6 -0.25
-149.5 -0.25
-149.4 -0.25
-149.3 -0.25
-149.2 -0.25
-149.1 -0.25
-149.0 -0.25
-148.9 -0.25
-148.8 -0.25
-148.7 -0.25
-148.6 -0.25
-148.5 -0.25
-148.4 -0.25
-148.3 -0.25
-148.2 -0.25
-148.1 -0.25
-148.0 -0.25
-147.9 -0.25
-147.8 -0.25
-147.7 -0.25
-147.6 -0.25
-147.5 -0.24
-147.4 -0.24
-147.3 -0.24
-147.2 -0.24
-147.1 -0.24
-147.0 -0.24
-146.9 -0.24
-146.8 -0.24
-146.7 -0.24
-146.6 -0.24
-146.5 -0.24
-146.4 -0.24
-146.3 -0.24
-146.2 -0.24
-146.1 -0.24
-146.0 -0.24
-145.9 -0.24
-145.8 -0.24
-145.7 -0.24
-145.6 -0.24
-145.5 -0.24
-145.4 -0.24
-145.3 -0.24
-145.2 -0.24
-145.1 -0.24
-145.0 -0.24
-144.9 -0.24
-144.8 -0.24
-144.7 -0.24
-144.6 -0.24
-144.5 -0.24
-144.4 -0.24
-144.3 -0.24
-144.2 -0.24
-144.1 -0.24
-144.0 -0.24
-143.9 -0.24
-143.8 -0.24
-143.7 -0.24
-143.6 -0.24
-143.5 -0.24
-143.4 -0.24
-143.3 -0.24
-143.2 -0.24
-143.1 -0.24
-143.0 -0.24
-142.9 -0.24
-142.8 -0.24
-142.7 -0.24
-142.6 -0.24
-142.5 -0.23
-142.4 -0.23
-142.3 -0.23
-142.2 -0.23
-142.1 -0.23
-142.0 -0.23
-141.9 -0.23
-141.8 -0.23
-141.7 -0.23
-141.6 -0.23
-141.5 -0.23
-141.4 -0.23
-141.3 -0.23
-141.2 -0.23
-141.1 -0.23
-141.0 -0.23
-140.9 -0.23
-140.8 -0.23
-140.7 -0.23
-140.6 -0.23
-140.5 -0.23
-140.4 -0.23
-140.3 -0.23
-140.2 -0.23
-140.1 -0.23
-140.0 -0.23
-139.9 -0.23
-139.8 -0.23
-139.7 -0.23
-139.6 -0.23
-139.5 -0.23
-139.4 -0.23
-139.3 -0.23
-139.2 -0.23
-139.1 -0.23
-139.0 -0.23
-138.9 -0.23
-138.8 -0.23
-138.7 -0.23
-138.6 -0.23
-138.5 -0.23
-138.4 -0.23
-138.3 -0.23
-138.2 -0.23
-138.1 -0.23
-138.0 -0.23
-137.9 -0.23
-137.8 -0.23
-137.7 -0.23
-137.6 -0.23
-137.5 -0.23
-137.4 -0.22
-137.3 -0.22
-137.2 -0.22
-137.1 -0.22
-137.0 -0.22
-136.9 -0.22
-136.8 -0.22
-136.7 -0.22
-136.6 -0.22
-136.5 -0.22
-136.4 -0.22
-136.3 -0.22
-136.2 -0.22
-136.1 -0.22
-136.0 -0.22
-135.9 -0.22
-135.8 -0.22
-135.7 -0.22
-135.6 -0.22
-135.5 -0.22
-135.4 -0.22
-135.3 -0.22
-135.2 -0.22
-135.1 -0.22
-135.0 -0.22
-134.9 -0.22
-134.8 -0.22
-134.7 -0.22
-134.6 -0.22
-134.5 -0.22
-134.4 -0.22
-134.3 -0.22
-134.2 -0.22
-134.1 -0.22
-134.0 -0.22
-133.9 -0.22
-133.8 -0.22
-133.7 -0.22
-133.6 -0.22
-133.5 -0.22
-133.4 -0.22
-133.3 -0.22
-133.2 -0.22
-133.1 -0.22
-133.0 -0.22
-132.9 -0.22
-132.8 -0.22
-132.7 -0.22
-132.6 -0.22
-132.5 -0.21
-132.4 -0.21
-132.3 -0.21
-132.2 -0.21
-132.1 -0.21
-132.0 -0.21
-131.9 -0.21
-131.8 -0.21
-131.7 -0.21
-131.6 -0.21
-131.5 -0.21
-131.4 -0.21
-131.3 -0.21
-131.2 -0.21
-131.1 -0.21
-131.0 -0.21
-130.9 -0.21
-130.8 -0.21
-130.7 -0.21
-130.6 -0.21
-130.5 -0.21
-130.4 -0.21
-130.3 -0.21
-130.2 -0.21
-130.1 -0.21
-130.0 -0.21
-129.9 -0.21
-129.8 -0.21
-129.7 -0.21
-129.6 -0.21
-129.5 -0.21
-129.4 -0.21
-129.3 -0.21
-129.2 -0.21
-129.1 -0.21
-129.0 -0.21
-128.9 -0.21
-128.8 -0.21
-128.7 -0.21
-128.6 -0.21
-128.5 -0.21
-128.4 -0.21
-128.3 -0.21
-128.2 -0.21
-128.1 -0.21
-128.0 -0.21
-127.9 -0.21
-127.8 -0.21
-127.7 -0.21
-127.6 -0.21
-127.5 -0.20
-127.4 -0.20
-127.3 -0.20
-127.2 -0.20
-127.1 -0.20
-127.0 -0.20
-126.9 -0.20
-126.8 -0.20
-126.7 -0.20
-126.6 -0.20
-126.5 -0.20
-126.4 -0.20
-126.3 -0.20
-126.2 -0.20
-126.1 -0.20
-126.0 -0.20
-125.9 -0.20
-125.8 -0.20
-125.7 -0.20
-125.6 -0.20
-125.5 -0.20
-125.4 -0.20
-125.3 -0.20
-125.2 -0.20
-125.1 -0.20
-125.0 -0.20
-124.9 -0.20
-124.8 -0.20
-124.7 -0.20
-124.6 -0.20
-124.5 -0.20
-124.4 -0.20
-124.3 -0.20
-124.2 -0.20
-124.1 -0.20
-124.0 -0.20
-123.9 -0.20
-123.8 -0.20
-123.7 -0.20
-123.6 -0.20
-123.5 -0.20
-123.4 -0.20
-123.3 -0.20
-123.2 -0.20
-123.1 -0.20
-123.0 -0.20
-122.9 -0.20
-122.8 -0.20
-122.7 -0.20
-122.6 -0.20
-122.5 -0.20
-122.4 -0.19
-122.3 -0.19
-122.2 -0.19
-122.1 -0.19
-122.0 -0.19
-121.9 -0.19
-121.8 -0.19
-121.7 -0.19
-121.6 -0.19
-121.5 -0.19
-121.4 -0.19
-121.3 -0.19
-121.2 -0.19
-121.1 -0.19
-121.0 -0.19
-120.9 -0.19
-120.8 -0.19
-120.7 -0.19
-120.6 -0.19
-120.5 -0.19
-120.4 -0.19
-120.3 -0.19
-120.2 -0.19
-120.1 -0.19
-120.0 -0.19
-119.9 -0.19
-119.8 -0.19
-119.7 -0.19
-119.6 -0.19
-119.5 -0.19
-119.4 -0.19
-119.3 -0.19
-119.2 -0.19
-119.1 -0.19
-119.0 -0.19
-118.9 -0.19
-118.8 -0.19
-118.7 -0.19
-118.6 -0.19
-118.5 -0.19
-118.4 -0.19
-118.3 -0.19
-118.2 -0.19
-118.1 -0.19
-118.0 -0.19
-117.9 -0.19
-117.8 -0.19
-117.7 -0.19
-117.6 -0.19
-117.5 -0.18
-117.4 -0.18
-117.3 -0.18
-117.2 -0.18
-117.1 -0.18
-117.0 -0.18
-116.9 -0.18
-116.8 -0.18
-116.7 -0.18
-116.6 -0.18
-116.5 -0.18
-116.4 -0.18
-116.3 -0.18
-116.2 -0.18
-116.1 -0.18
-116.0 -0.18
-115.9 -0.18
-115.8 -0.18
-115.7 -0.18
-115.6 -0.18
-115.5 -0.18
-115.4 -0.18
-115.3 -0.18
-115.2 -0.18
-115.1 -0.18
-115.0 -0.18
-114.9 -0.18
-114.8 -0.18
-114.7 -0.18
-114.6 -0.18
-114.5 -0.18
-114.4 -0.18
-114.3 -0.18
-114.2 -0.18
-114.1 -0.18
-114.0 -0.18
-113.9 -0.18
-113.8 -0.18
-113.7 -0.18
-113.6 -0.18
-113.5 -0.18
-113.4 -0.18
-113.3 -0.18
-113.2 -0.18
-113.1 -0.18
-113.0 -0.18
-112.9 -0.18
-112.8 -0.18
-112.7 -0.18
-112.6 -0.18
-112.5 -0.17
-112.4 -0.17
-112.3 -0.17
-112.2 -0.17
-112.1 -0.17
-112.0 -0.17
-111.9 -0.17
-111.8 -0.17
-111.7 -0.17
-111.6 -0.17
-111.5 -0.17
-111.4 -0.17
-111.3 -0.17
-111.2 -0.17
-111.1 -0.17
-111.0 -0.17
-110.9 -0.17
-110.8 -0.17
-110.7 -0.17
-110.6 -0.17
-110.5 -0.17
-110.4 -0.17
-110.3 -0.17
-110.2 -0.17
-110.1 -0.17
-110.0 -0.17
-109.9 -0.17
-109.8 -0.17
-109.7 -0.17
-109.6 -0.17
-109.5 -0.17
-109.4 -0.17
-109.3 -0.17
-109.2 -0.17
-109.1 -0.17
-109.0 -0.17
-108.9 -0.17
-108.8 -0.17
-108.7 -0.17
-108.6 -0.17
-108.5 -0.17
-108.4 -0.17
-108.3 -0.17
-108.2 -0.17
-108.1 -0.17
-108.0 -0.17
-107.9 -0.17
-107.8 -0.17
-107.7 -0.17
-107.6 -0.17
-107.5 -0.17
-107.4 -0.17
-107.3 -0.17
-107.2 -0.17
-107.1 -0.17
-107.0 -0.17
-106.9 -0.17
-106.8 -0.17
-106.7 -0.17
-106.6 -0.17
-106.5 -0.17
-106.4 -0.16
-106.3 -0.16
-106.2 -0.16
-106.1 -0.16
-106.0 -0.16
-105.9 -0.16
-105.8 -0.16
-105.7 -0.16
-105.6 -0.16
-105.5 -0.16
-105.4 -0.16
-105.3 -0.16
-105.2 -0.16
-105.1 -0.16
-105.0 -0.16
-104.9 -0.16
-104.8 -0.16
-104.7 -0.16
-104.6 -0.16
-104.5 -0.16
-104.4 -0.16
-104.3 -0.16
-104.2 -0.16
-104.1 -0.16
-104.0 -0.16
-103.9 -0.16
-103.8 -0.16
-103.7 -0.16
-103.6 -0.16
-103.5 -0.16
-103.4 -0.16
-103.3 -0.16
-103.2 -0.16
-103.1 -0.16
-103.0 -0.16
-102.9 -0.16
-102.8 -0.16
-102.7 -0.16
-102.6 -0.16
-102.5 -0.16
-102.4 -0.16
-102.3 -0.16
-102.2 -0.16
-102.1 -0.16
-102.0 -0.16
-101.9 -0.16
-101.8 -0.16
-101.7 -0.16
-101.6 -0.16
-101.5 -0.15
-101.4 -0.15
-101.3 -0.15
-101.2 -0.15
-101.1 -0.15
-101.0 -0.15
-100.9 -0.15
-100.8 -0.15
-100.7 -0.15
-100.6 -0.15
-100.5 -0.15
-100.4 -0.15
-100.3 -0.15
-100.2 -0.15
-100.1 -0.15
-100.0 -0.15
-99.9 -0.15
-99.8 -0.15
-99.7 -0.15
-99.6 -0.15
-99.5 -0.15
-99.4 -0.15
-99.3 -0.15
-99.2 -0.15
-99.1 -0.15
-99.0 -0.15
-98.9 -0.15
-98.8 -0.15
-98.7 -0.15
-98.6 -0.15
-98.5 -0.15
-98.4 -0.15
-98.3 -0.15
-98.2 -0.15
-98.1 -0.15
-98.0 -0.15
-97.9 -0.15
-97.8 -0.15
-97.7 -0.15
-97.6 -0.15
-97.5 -0.15
-97.4 -0.15
-97.3 -0.15
-97.2 -0.15
-97.1 -0.15
-97.0 -0.15
-96.9 -0.15
-96.8 -0.15
-96.7 -0.15
-96.6 -0.15
-96.5 -0.14
-96.4 -0.14
-96.3 -0.14
-96.2 -0.14
-96.1 -0.14
-96.0 -0.14
-95.9 -0.14
-95.8 -0.14
-95.7 -0.14
-95.6 -0.14
-95.5 -0.14
-95.4 -0.14
-95.3 -0.14
-95.2 -0.14
-95.1 -0.14
-95.0 -0.14
-94.9 -0.14
-94.8 -0.14
-94.7 -0.14
-94.6 -0.14
-94.5 -0.14
-94.4 -0.14
-94.3 -0.14
-94.2 -0.14
-94.1 -0.14
-94.0 -0.14
-93.9 -0.14
-93.8 -0.14
-93.7 -0.14
-93.6 -0.14
-93.5 -0.14
-93.4 -0.14
-93.3 -0.14
-93.2 -0.14
-93.1 -0.14
-93.0 -0.14
-92.9 -0.14
-92.8 -0.14
-92.7 -0.14
-92.6 -0.14
-92.5 -0.14
-92.4 -0.14
-92.3 -0.14
-92.2 -0.14
-92.1 -0.14
-92.0 -0.14
-91.9 -0.14
-91.8 -0.14
-91.7 -0.14
-91.6 -0.14
-91.5 -0.14
-91.4 -0.14
-91.3 -0.14
-91.2 -0.14
-91.1 -0.14
-91.0 -0.14
-90.9 -0.14
-90.8 -0.14
-90.7 -0.14
-90.6 -0.14
-90.5 -0.14
-90.4 -0.13
-90.3 -0.13
-90.2 -0.13
-90.1 -0.13
-90.0 -0.13
-89.9 -0.13
-89.8 -0.13
-89.7 -0.13
-89.6 -0.13
-89.5 -0.13
-89.4 -0.13
-89.3 -0.13
-89.2 -0.13
-89.1 -0.13
-89.0 -0.13
-88.9 -0.13
-88.8 -0.13
-88.7 -0.13
-88.6 -0.13
-88.5 -0.13
-88.4 -0.13
-88.3 -0.13
-88.2 -0.13
-88.1 -0.13
-88.0 -0.13
-87.9 -0.13
-87.8 -0.13
-87.7 -0.13
-87.6 -0.13
-87.5 -0.13
-87.4 -0.13
-87.3 -0.13
-87.2 -0.13
-87.1 -0.13
-87.0 -0.13
-86.9 -0.13
-86.8 -0.13
-86.7 -0.13
-86.6 -0.13
-86.5 -0.13
-86.4 -0.13
-86.3 -0.13
-86.2 -0.13
-86.1 -0.13
-86.0 -0.13
-85.9 -0.13
-85.8 -0.13
-85.7 -0.13
-85.6 -0.13
-85.5 -0.13
-85.4 -0.13
-85.3 -0.13
-85.2 -0.13
-85.1 -0.13
-85.0 -0.13
-84.9 -0.13
-84.8 -0.13
-84.7 -0.13
-84.6 -0.13
-84.5 -0.12
-84.4 -0.12
-84.3 -0.12
-84.2 -0.12
-84.1 -0.12
-84.0 -0.12
-83.9 -0.12
-83.8 -0.12
-83.7 -0.12
-83.6 -0.12
-83.5 -0.12
-83.4 -0.12
-83.3 -0.12
-83.2 -0.12
-83.1 -0.12
-83.0 -0.12
-82.9 -0.12
-82.8 -0.12
-82.7 -0.12
-82.6 -0.12
-82.5 -0.12
-82.4 -0.12
-82.3 -0.12
-82.2 -0.12
-82.1 -0.12
-82.0 -0.12
-81.9 -0.12
-81.8 -0.12
-81.7 -0.12
-81.6 -0.12
-81.5 -0.12
-81.4 -0.12
-81.3 -0.12
-81.2 -0.12
-81.1 -0.12
-81.0 -0.12
-80.9 -0.12
-80.8 -0.12
-80.7 -0.12
-80.6 -0.12
-80.5 -0.12
-80.4 -0.12
-80.3 -0.12
-80.2 -0.12
-80.1 -0.12
-80.0 -0.12
-79.9 -0.12
-79.8 -0.12
-79.7 -0.12
-79.6 -0.12
-79.5 -0.12
-79.4 -0.12
-79.3 -0.12
-79.2 -0.12
-79.1 -0.12
-79.0 -0.12
-78.9 -0.12
-78.8 -0.12
-78.7 -0.12
-78.6 -0.12
-78.5 -0.12
-78.4 -0.12
-78.3 -0.12
-78.2 -0.12
-78.1 -0.12
-78.0 -0.12
-77.9 -0.12
-77.8 -0.12
-77.7 -0.12
-77.6 -0.12
-77.5 -0.12
-77.4 -0.11
-77.3 -0.11
-77.2 -0.11
-77.1 -0.11
-77.0 -0.11
-76.9 -0.11
-76.8 -0.11
-76.7 -0.11
-76.6 -0.11
-76.5 -0.11
-76.4 -0.11
-76.3 -0.11
-76.2 -0.11
-76.1 -0.11
-76.0 -0.11
-75.9 -0.11
-75.8 -0.11
-75.7 -0.11
-75.6 -0.11
-75.5 -0.11
-75.4 -0.11
-75.3 -0.11
-75.2 -0.11
-75.1 -0.11
-75.0 -0.11
-74.9 -0.11
-74.8 -0.11
-74.7 -0.11
-74.6 -0.11
-74.5 -0.11
-74.4 -0.11
-74.3 -0.11
-74.2 -0.11
-74.1 -0.11
-74.0 -0.11
-73.9 -0.11
-73.8 -0.11
-73.7 -0.11
-73.6 -0.11
-73.5 -0.11
-73.4 -0.11
-73.3 -0.11
-73.2 -0.11
-73.1 -0.11
-73.0 -0.11
-72.9 -0.11
-72.8 -0.11
-72.7 -0.11
-72.6 -0.11
-72.5 -0.11
-72.4 -0.11
-72.3 -0.11
-72.2 -0.11
-72.1 -0.11
-72.0 -0.11
-71.9 -0.11
-71.8 -0.11
-71.7 -0.11
-71.6 -0.11
-71.5 -0.11
-71.4 -0.11
-71.3 -0.11
-71.2 -0.11
-71.1 -0.11
-71.0 -0.11
-70.9 -0.11
-70.8 -0.11
-70.7 -0.11
-70.6 -0.11
-70.5 -0.10
-70.4 -0.10
-70.3 -0.10
-70.2 -0.10
-70.1 -0.10
-70.0 -0.10
-69.9 -0.10
-69.8 -0.10
-69.7 -0.10
-69.6 -0.10
-69.5 -0.10
-69.4 -0.10
-69.3 -0.10
-69.2 -0.10
-69.1 -0.10
-69.0 -0.10
-68.9 -0.10
-68.8 -0.10
-68.7 -0.10
-68.6 -0.10
-68.5 -0.10
-68.4 -0.10
-68.3 -0.10
-68.2 -0.10
-68.1 -0.10
-68.0 -0.10
-67.9 -0.10
-67.8 -0.10
-67.7 -0.10
-67.6 -0.10
-67.5 -0.10
-67.4 -0.10
-67.3 -0.10
-67.2 -0.10
-67.1 -0.10
-67.0 -0.10
-66.9 -0.10
-66.8 -0.10
-66.7 -0.10
-66.6 -0.10
-66.5 -0.10
-66.4 -0.10
-66.3 -0.10
-66.2 -0.10
-66.1 -0.10
-66.0 -0.10
-65.9 -0.10
-65.8 -0.10
-65.7 -0.10
-65.6 -0.10
-65.5 -0.10
-65.4 -0.10
-65.3 -0.10
-65.2 -0.10
-65.1 -0.10
-65.0 -0.10
-64.9 -0.10
-64.8 -0.10
-64.7 -0.10
-64.6 -0.10
-64.5 -0.10
-64.4 -0.10
-64.3 -0.10
-64.2 -0.10
-64.1 -0.10
-64.0 -0.10
-63.9 -0.10
-63.8 -0.10
-63.7 -0.10
-63.6 -0.10
-63.5 -0.10
-63.4 -0.09
-63.3 -0.09
-63.2 -0.09
-63.1 -0.09
-63.0 -0.09
-62.9 -0.09
-62.8 -0.09
-62.7 -0.09
-62.6 -0.09
-62.5 -0.09
-62.4 -0.09
-62.3 -0.09
-62.2 -0.09
-62.1 -0.09
-62.0 -0.09
-61.9 -0.09
-61.8 -0.09
-61.7 -0.09
-61.6 -0.09
-61.5 -0.09
-61.4 -0.09
-61.3 -0.09
-61.2 -0.09
-61.1 -0.09
-61.0 -0.09
-60.9 -0.09
-60.8 -0.09
-60.7 -0.09
-60.6 -0.09
-60.5 -0.09
-60.4 -0.09
-60.3 -0.09
-60.2 -0.09
-60.1 -0.09
-60.0 -0.09
-59.9 -0.09
-59.8 -0.09
-59.7 -0.09
-59.6 -0.09
-59.5 -0.09
-59.4 -0.09
-59.3 -0.09
-59.2 -0.09
-59.1 -0.09
-59.0 -0.09
-58.9 -0.09
-58.8 -0.09
-58.7 -0.09
-58.6 -0.09
-58.5 -0.09
-58.4 -0.09
-58.3 -0.09
-58.2 -0.09
-58.1 -0.09
-58.0 -0.09
-57.9 -0.09
-57.8 -0.09
-57.7 -0.09
-57.6 -0.09
-57.5 -0.09
-57.4 -0.08
-57.3 -0.08
-57.2 -0.08
-57.1 -0.08
-57.0 -0.08
-56.9 -0.08
-56.8 -0.08
-56.7 -0.08
-56.6 -0.08
-56.5 -0.08
-56.4 -0.08
-56.3 -0.08
-56.2 -0.08
-56.1 -0.08
-56.0 -0.08
-55.9 -0.08
-55.8 -0.08
-55.7 -0.08
-55.6 -0.08
-55.5 -0.08
-55.4 -0.08
-55.3 -0.08
-55.2 -0.08
-55.1 -0.08
-55.0 -0.08
-54.9 -0.08
-54.8 -0.08
-54.7 -0.08
-54.6 -0.08
-54.5 -0.08
-54.4 -0.08
-54.3 -0.08
-54.2 -0.08
-54.1 -0.08
-54.0 -0.08
-53.9 -0.08
-53.8 -0.08
-53.7 -0.08
-53.6 -0.08
-53.5 -0.08
-53.4 -0.08
-53.3 -0.08
-53.2 -0.08
-53.1 -0.08
-53.0 -0.08
-52.9 -0.08
-52.8 -0.08
-52.7 -0.08
-52.6 -0.08
-52.5 -0.07
-52.4 -0.07
-52.3 -0.07
-52.2 -0.07
-52.1 -0.07
-52.0 -0.07
-51.9 -0.07
-51.8 -0.07
-51.7 -0.07
-51.6 -0.07
-51.5 -0.07
-51.4 -0.07
-51.3 -0.07
-51.2 -0.07
-51.1 -0.07
-51.0 -0.07
-50.9 -0.07
-50.8 -0.07
-50.7 -0.07
-50.6 -0.07
-50.5 -0.07
-50.4 -0.07
-50.3 -0.07
-50.2 -0.07
-50.1 -0.07
-50.0 -0.07
-49.9 -0.07
-49.8 -0.07
-49.7 -0.07
-49.6 -0.07
-49.5 -0.07
-49.4 -0.07
-49.3 -0.07
-49.2 -0.07
-49.1 -0.07
-49.0 -0.07
-48.9 -0.07
-48.8 -0.07
-48.7 -0.07
-48.6 -0.07
-48.5 -0.07
-48.4 -0.07
-48.3 -0.07
-48.2 -0.07
-48.1 -0.07
-48.0 -0.07
-47.9 -0.07
-47.8 -0.07
-47.7 -0.07
-47.6 -0.07
-47.5 -0.07
-47.4 -0.07
-47.3 -0.07
-47.2 -0.07
-47.1 -0.07
-47.0 -0.07
-46.9 -0.07
-46.8 -0.07
-46.7 -0.07
-46.6 -0.07
-46.5 -0.07
-46.4 -0.06
-46.3 -0.06
-46.2 -0.06
-46.1 -0.06
-46.0 -0.06
-45.9 -0.06
-45.8 -0.06
-45.7 -0.06
-45.6 -0.06
-45.5 -0.06
-45.4 -0.06
-45.3 -0.06
-45.2 -0.06
-45.1 -0.06
-45.0 -0.06
-44.9 -0.06
-44.8 -0.06
-44.7 -0.06
-44.6 -0.06
-44.5 -0.06
-44.4 -0.06
-44.3 -0.06
-44.2 -0.06
-44.1 -0.06
-44.0 -0.06
-43.9 -0.06
-43.8 -0.06
-43.7 -0.06
-43.6 -0.06
-43.5 -0.06
-43.4 -0.06
-43.3 -0.06
-43.2 -0.06
-43.1 -0.06
-43.0 -0.06
-42.9 -0.06
-42.8 -0.06
-42.7 -0.06
-42.6 -0.06
-42.5 -0.06
-42.4 -0.06
-42.3 -0.06
-42.2 -0.06
-42.1 -0.06
-42.0 -0.06
-41.9 -0.06
-41.8 -0.06
-41.7 -0.06
-41.6 -0.06
-41.5 -0.06
-41.4 -0.06
-41.3 -0.06
-41.2 -0.06
-41.1 -0.06
-41.0 -0.06
-40.9 -0.06
-40.8 -0.06
-40.7 -0.06
-40.6 -0.06
-40.5 -0.06
-40.4 -0.06
-40.3 -0.06
-40.2 -0.06
-40.1 -0.06
-40.0 -0.06
-39.9 -0.06
-39.8 -0.06
-39.7 -0.06
-39.6 -0.06
-39.5 -0.06
-39.4 -0.05
-39.3 -0.05
-39.2 -0.05
-39.1 -0.05
-39.0 -0.05
-38.9 -0.05
-38.8 -0.05
-38.7 -0.05
-38.6 -0.05
-38.5 -0.05
-38.4 -0.05
-38.3 -0.05
-38.2 -0.05
-38.1 -0.05
-38.0 -0.05
-37.9 -0.05
-37.8 -0.05
-37.7 -0.05
-37.6 -0.05
-37.5 -0.05
-37.4 -0.05
-37.3 -0.05
-37.2 -0.05
-37.1 -0.05
-37.0 -0.05
-36.9 -0.05
-36.8 -0.05
-36.7 -0.05
-36.6 -0.05
-36.5 -0.05
-36.4 -0.05
-36.3 -0.05
-36.2 -0.05
-36.1 -0.05
-36.0 -0.05
-35.9 -0.05
-35.8 -0.05
-35.7 -0.05
-35.6 -0.05
-35.5 -0.05
-35.4 -0.05
-35.3 -0.05
-35.2 -0.05
-35.1 -0.05
-35.0 -0.05
-34.9 -0.05
-34.8 -0.05
-34.7 -0.05
-34.6 -0.05
-34.5 -0.05
-34.4 -0.05
-34.3 -0.05
-34.2 -0.05
-34.1 -0.05
-34.0 -0.05
-33.9 -0.05
-33.8 -0.05
-33.7 -0.05
-33.6 -0.05
-33.5 -0.04
-33.4 -0.04
-33.3 -0.04
-33.2 -0.04
-33.1 -0.04
-33.0 -0.04
-32.9 -0.04
-32.8 -0.04
-32.7 -0.04
-32.6 -0.04
-32.5 -0.04
-32.4 -0.04
-32.3 -0.04
-32.2 -0.04
-32.1 -0.04
-32.0 -0.04
-31.9 -0.04
-31.8 -0.04
-31.7 -0.04
-31.6 -0.04
-31.5 -0.04
-31.4 -0.04
-31.3 -0.04
-31.2 -0.04
-31.1 -0.04
-31.0 -0.04
-30.9 -0.04
-30.8 -0.04
-30.7 -0.04
-30.6 -0.04
-30.5 -0.04
-30.4 -0.04
-30.3 -0.04
-30.2 -0.04
-30.1 -0.04
-30.0 -0.04
-29.9 -0.04
-29.8 -0.04
-29.7 -0.04
-29.6 -0.04
-29.5 -0.04
-29.4 -0.04
-29.3 -0.04
-29.2 -0.04
-29.1 -0.04
-29.0 -0.04
-28.9 -0.04
-28.8 -0.04
-28.7 -0.04
-28.6 -0.04
-28.5 -0.04
-28.4 -0.04
-28.3 -0.04
-28.2 -0.04
-28.1 -0.04
-28.0 -0.04
-27.9 -0.04
-27.8 -0.04
-27.7 -0.04
-27.6 -0.04
-27.5 -0.04
-27.4 -0.03
-27.3 -0.03
-27.2 -0.03
-27.1 -0.03
-27.0 -0.03
-26.9 -0.03
-26.8 -0.03
-26.7 -0.03
-26.6 -0.03
-26.5 -0.03
-26.4 -0.03
-26.3 -0.03
-26.2 -0.03
-26.1 -0.03
-26.0 -0.03
-25.9 -0.03
-25.8 -0.03
-25.7 -0.03
-25.6 -0.03
-25.5 -0.03
-25.4 -0.03
-25.3 -0.03
-25.2 -0.03
-25.1 -0.03
-25.0 -0.03
-24.9 -0.03
-24.8 -0.03
-24.7 -0.03
-24.6 -0.03
-24.5 -0.03
-24.4 -0.03
-24.3 -0.03
-24.2 -0.03
-24.1 -0.03
-24.0 -0.03
-23.9 -0.03
-23.8 -0.03
-23.7 -0.03
-23.6 -0.03
-23.5 -0.03
-23.4 -0.03
-23.3 -0.03
-23.2 -0.03
-23.1 -0.03
-23.0 -0.03
-22.9 -0.03
-22.8 -0.03
-22.7 -0.03
-22.6 -0.03
-22.5 -0.03
-22.4 -0.03
-22.3 -0.03
-22.2 -0.03
-22.1 -0.03
-22.0 -0.03
-21.9 -0.03
-21.8 -0.03
-21.7 -0.03
-21.6 -0.03
-21.5 -0.03
-21.4 -0.02
-21.3 -0.02
-21.2 -0.02
-21.1 -0.02
-21.0 -0.02
-20.9 -0.02
-20.8 -0.02
-20.7 -0.02
-20.6 -0.02
-20.5 -0.02
-20.4 -0.02
-20.3 -0.02
-20.2 -0.02
-20.1 -0.02
-20.0 -0.02
-19.9 -0.02
-19.8 -0.02
-19.7 -0.02
-19.6 -0.02
-19.5 -0.02
-19.4 -0.02
-19.3 -0.02
-19.2 -0.02
-19.1 -0.02
-19.0 -0.02
-18.9 -0.02
-18.8 -0.02
-18.7 -0.02
-18.6 -0.02
-18.5 -0.02
-18.4 -0.02
-18.3 -0.02
-18.2 -0.02
-18.1 -0.02
-18.0 -0.02
-17.9 -0.02
-17.8 -0.02
-17.7 -0.02
-17.6 -0.02
-17.5 -0.02
-17.4 -0.02
-17.3 -0.02
-17.2 -0.02
-17.1 -0.02
-17.0 -0.02
-16.9 -0.02
-16.8 -0.02
-16.7 -0.02
-16.6 -0.02
-16.5 -0.02
-16.4 -0.02
-16.3 -0.02
-16.2 -0.02
-16.1 -0.02
-16.0 -0.02
-15.9 -0.02
-15.8 -0.02
-15.7 -0.02
-15.6 -0.02
-15.5 -0.01
-15.4 -0.01
-15.3 -0.01
-15.2 -0.01
-15.1 -0.01
-15.0 -0.01
-14.9 -0.01
-14.8 -0.01
-14.7 -0.01
-14.6 -0.01
-14.5 -0.01
-14.4 -0.01
-14.3 -0.01
-14.2 -0.01
-14.1 -0.01
-14.0 -0.01
-13.9 -0.01
-13.8 -0.01
-13.7 -0.01
-13.6 -0.01
-13.5 -0.01
-13.4 -0.01
-13.3 -0.01
-13.2 -0.01
-13.1 -0.01
-13.0 -0.01
-12.9 -0.01
-12.8 -0.01
-12.7 -0.01
-12.6 -0.01
-12.5 -0.01
-12.4 -0.01
-12.3 -0.01
-12.2 -0.01
-12.1 -0.01
-12.0 -0.01
-11.9 -0.01
-11.8 -0.01
-11.7 -0.01
-11.6 -0.01
-11.5 -0.01
-11.4 -0.01
-11.3 -0.01
-11.2 -0.01
-11.1 -0.01
-11.0 -0.01
-10.9 -0.01
-10.8 -0.01
-10.7 -0.01
-10.6 -0.01
-10.5 -0.01
-10.4 -0.01
-10.3 -0.01
-10.2 -0.01
-10.1 -0.01
-10.0 -0.01
-9.9 -0.01
-9.8 -0.01
-9.7 -0.01
-9.6 -0.01
-9.5 -0.01
-9.4 -0.01
-9.3 -0.01
-9.2 -0.01
-9.1 -0.01
-9.0 -0.01
-8.9 -0.01
-8.8 -0.01
-8.7 -0.01
-8.6 -0.01
-8.5 -0.01
-8.4 -0.01
-8.3 -0.01
-8.2 -0.01
-8.1 -0.01
-8.0 -0.01
-7.9 -0.01
-7.8 -0.01
-7.7 -0.01
-7.6 -0.01
-7.5 -0.01
-7.4 -0.00
-7.3 -0.00
-7.2 -0.00
-7.1 -0.00
-7.0 0.00
-6.9 0.00
-6.8 0.00
-6.7 0.00
-6.6 0.00
-6.5 0.00
-6.4 0.00
-6.3 0.00
-6.2 0.00
-6.1 0.00
-6.0 0.00
-5.9 0.00
-5.8 0.00
-5.7 0.00
-5.6 0.00
-5.5 0.00
-5.4 0.00
-5.3 0.00
-5.2 0.00
-5.1 0.00
-5.0 0.00
-4.9 0.00
-4.8 0.00
-4.7 0.00
-4.6 0.00
-4.5 0.00
-4.4 0.00
-4.3 0.00
-4.2 0.00
-4.1 0.00
-4.0 0.00
-3.9 0.00
-3.8 0.00
-3.7 0.00
-3.6 0.00
-3.5 0.00
-3.4 0.00
-3.3 0.00
-3.2 0.00
-3.1 0.00
-3.0 0.00
-2.9 0.00
-2.8 0.00
-2.7 0.00
-2.6 0.00
-2.5 0.00
-2.4 0.00
-2.3 0.00
-2.2 0.00
-2.1 0.00
-2.0 0.00
-1.9 0.00
-1.8 0.00
-1.7 0.00
-1.6 0.00
-1.5 0.00
-1.4 0.00
-1.3 0.00
-1.2 0.00
-1.1 0.00
-1.0 0.00
-0.9 0.00
-0.8 0.00
-0.7 0.00
-0.6 0.00
-0.5 0.00
-0.4 0.00
-0.3 0.00
-0.2 0.00
-0.1 0.00
0.0 0.00
0.1 0.00
0.2 0.00
0.3 0.00
0.4 0.00
0.5 0.00
0.6 0.00
0.7 0.00
0.8 0.00
0.9 0.00
1.0 0.00
1.1 0.00
1.2 0.00
1.3 0.00
1.4 0.00
1.5 0.00
1.6 0.00
1.7 0.00
1.8 0.00
1.9 0.00
2.0 0.00
2.1 0.00
2.2 0.00
2.3 0.00
2.4 0.00
2.5 0.00
2.6 0.00
2.7 0.00
2.8 0.00
2.9 0.00
3.0 0.00
3.1 0.00
3.2 0.00
3.3 0.00
3.4 0.00
3.5 0.00
3.6 0.00
3.7 0.00
3.8 0.00
3.9 0.00
4.0 0.00
4.1 0.00
4.2 0.00
4.3 0.00
4.4 0.00
4.5 0.00
4.6 0.00
4.7 0.00
4.8 0.00
4.9 0.00
5.0 0.00
5.1 0.00
5.2 0.00
5.3 0.00
5.4 0.00
5.5 0.00
5.6 0.00
5.7 0.00
5.8 0.00
5.9 0.00
6.0 0.00
6.1 0.00
6.2 0.00
6.3 0.00
6.4 0.00
6.5 0.00
6.6 0.00
6.7 0.00
6.8 0.00
6.9 0.00
7.0 0.00
7.1 0.00
7.2 0.00
7.3 0.00
7.4 0.00
7.5 0.00
7.6 0.00
7.7 0.00
7.8 0.00
7.9 0.00
8.0 0.00
8.1 0.00
8.2 0.00
8.3 0.00
8.4 0.00
8.5 0.00
8.6 0.00
8.7 0.00
8.8 0.00
8.9 0.00
9.0 0.00
9.1 0.00
9.2 0.00
9.3 0.00
9.4 0.00
9.5 0.00
9.6 0.00
9.7 0.00
9.8 0.00
9.9 0.00
10.0 0.00
10.1 0.00
10.2 0.00
10.3 0.00
10.4 0.00
10.5 0.00
10.6 0.00
10.7 0.00
10.8 0.00
10.9 0.00
11.0 0.00
11.1 0.00
11.2 0.00
11.3 0.00
11.4 0.00
11.5 0.00
11.6 0.00
11.7 0.00
11.8 0.00
11.9 0.00
12.0 0.00
12.1 0.00
12.2 0.00
12.3 0.00
12.4 0.00
12.5 0.00
12.6 0.00
12.7 0.00
12.8 0.00
12.9 0.00
13.0 0.00
13.1 0.00
13.2 0.00
13.3 0.00
13.4 0.00
13.5 0.00
13.6 0.00
13.7 0.00
13.8 0.00
13.9 0.00
14.0 0.00
14.1 0.00
14.2 0.00
14.3 0.00
14.4 0.00
14.5 0.00
14.6 0.00
14.7 0.00
14.8 0.00
14.9 0.00
15.0 0.00
15.1 0.00
15.2 0.00
15.3 0.00
15.4 0.00
15.5 0.00
15.6 0.00
15.7 0.00
15.8 0.00
15.9 0.00
16.0 0.00
16.1 0.00
16.2 0.00
16.3 0.00
16.4 0.00
16.5 0.00
16.6 0.00
16.7 0.00
16.8 0.00
16.9 0.00
17.0 0.00
17.1 0.00
17.2 0.00
17.3 0.00
17.4 0.00
17.5 0.00
17.6 0.00
17.7 0.00
17.8 0.00
17.9 0.00
18.0 0.00
18.1 0.00
18.2 0.00
18.3 0.00
18.4 0.00
18.5 0.00
18.6 0.00
18.7 0.00
18.8 0.00
18.9 0.00
19.0 0.00
19.1 0.00
19.2 0.00
19.3 0.00
19.4 0.00
19.5 0.00
19.6 0.00
19.7 0.00
19.8 0.00
19.9 0.00
20.0 0.00
20.1 0.00
20.2 0.00
20.3 0.00
20.4 0.00
20.5 0.00
20.6 0.00
20.7 0.00
20.8 0.00
20.9 0.00
21.0 0.00
21.1 0.00
21.2 0.00
21.3 0.00
21.4 0.00
21.5 0.00
21.6 0.00
21.7 0.00
21.8 0.00
21.9 0.00
22.0 0.00
22.1 0.00
22.2 0.00
22.3 0.00
22.4 0.00
22.5 0.00
22.6 0.00
22.7 0.00
22.8 0.00
22.9 0.00
23.0 0.00
23.1 0.00
23.2 0.00
23.3 0.00
23.4 0.00
23.5 0.00
23.6 0.00
23.7 0.00
23.8 0.00
23.9 0.00
24.0 0.00
24.1 0.00
24.2 0.00
24.3 0.00
24.4 0.00
24.5 0.00
24.6 0.00
24.7 0.00
24.8 0.00
24.9 0.00
25.0 0.00
25.1 0.00
25.2 0.00
25.3 0.00
25.4 0.00
25.5 0.00
25.6 0.00
25.7 0.00
25.8 0.00
25.9 0.00
26.0 0.00
26.1 0.00
26.2 0.00
26.3 0.00
26.4 0.00
26.5 0.00
26.6 0.00
26.7 0.00
26.8 0.00
26.9 0.00
27.0 0.00
27.1 0.00
27.2 0.00
27.3 0.00
27.4 0.00
27.5 0.00
27.6 0.00
27.7 0.00
27.8 0.00
27.9 0.00
28.0 0.00
28.1 0.00
28.2 0.00
28.3 0.00
28.4 0.00
28.5 0.00
28.6 0.00
28.7 0.00
28.8 0.00
28.9 0.00
29.0 0.00
29.1 0.00
29.2 0.00
29.3 0.00
29.4 0.00
29.5 0.00
29.6 0.00
29.7 0.00
29.8 0.00
29.9 0.00
30.0 0.00
30.1 0.00
30.2 0.00
30.3 0.00
30.4 0.00
30.5 0.00
30.6 0.00
30.7 0.00
30.8 0.00
30.9 0.00
31.0 0.00
31.1 0.00
31.2 0.00
31.3 0.00
31.4 0.00
31.5 0.00
31.6 0.00
31.7 0.00
31.8 0.00
31.9 0.00
32.0 0.00
32.1 0.00
32.2 0.00
32.3 0.00
32.4 0.00
32.5 0.00
32.6 0.00
32.7 0.00
32.8 0.00
32.9 0.00
33.0 0.00
33.1 0.00
33.2 0.00
33.3 0.00
33.4 0.00
33.5 0.00
33.6 0.00
33.7 0.00
33.8 0.00
33.9 0.00
34.0 0.00
34.1 0.00
34.2 0.00
34.3 0.00
34.4 0.00
34.5 0.00
34.6 0.00
34.7 0.00
34.8 0.00
34.9 0.00
35.0 0.00
35.1 0.00
35.2 0.00
35.3 0.00
35.4 0.00
35.5 0.00
35.6 0.00
35.7 0.00
35.8 0.00
35.9 0.00
36.0 0.00
36.1 0.00
36.2 0.00
36.3 0.00
36.4 0.00
36.5 0.00
36.6 0.00
36.7 0.00
36.8 0.00
36.9 0.00
37.0 0.00
37.1 0.00
37.2 0.00
37.3 0.00
37.4 0.00
37.5 0.00
37.6 0.00
37.7 0.00
37.8 0.00
37.9 0.00
38.0 0.00
38.1 0.00
38.2 0.00
38.3 0.00
38.4 0.00
38.5 0.00
38.6 0.00
38.7 0.00
38.8 0.00
38.9 0.00
39.0 0.00
39.1 0.00
39.2 0.00
39.3 0.00
39.4 0.00
39.5 0.00
39.6 0.00
39.7 0.00
39.8 0.00
39.9 0.00
40.0 0.00
40.1 0.00
40.2 0.00
40.3 0.00
40.4 0.00
40.5 0.00
40.6 0.00
40.7 0.00
40.8 0.00
40.9 0.00
41.0 0.00
41.1 0.00
41.2 0.00
41.3 0.00
41.4 0.00
41.5 0.00
41.6 0.00
41.7 0.00
41.8 0.00
41.9 0.00
42.0 0.00
42.1 0.00
42.2 0.00
42.3 0.00
42.4 0.00
42.5 0.00
42.6 0.00
42.7 0.00
42.8 0.00
42.9 0.00
43.0 0.00
43.1 0.00
43.2 0.00
43.3 0.00
43.4 0.00
43.5 0.00
43.6 0.00
43.7 0.00
43.8 0.00
43.9 0.00
44.0 0.00
44.1 0.00
44.2 0.00
44.3 0.00
44.4 0.00
44.5 0.00
44.6 0.00
44.7 0.00
44.8 0.00
44.9 0.00
45.0 0.00
45.1 0.00
45.2 0.00
45.3 0.00
45.4 0.00
45.5 0.00
45.6 0.00
45.7 0.00
45.8 0.00
45.9 0.00
46.0 0.00
46.1 0.00
46.2 0.00
46.3 0.00
46.4 0.00
46.5 0.00
46.6 0.00
46.7 0.00
46.8 0.00
46.9 0.00
47.0 0.00
47.1 0.00
47.2 0.00
47.3 0.00
47.4 0.00
47.5 0.00
47.6 0.00
47.7 0.00
47.8 0.00
47.9 0.00
48.0 0.00
48.1 0.00
48.2 0.00
48.3 0.00
48.4 0.00
48.5 0.00
48.6 0.00
48.7 0.00
48.8 0.00
48.9 0.00
49.0 0.00
49.1 0.00
49.2 0.00
49.3 0.00
49.4 0.00
49.5 0.00
49.6 0.00
49.7 0.00
49.8 0.00
49.9 0.00
50.0 0.00
50.1 0.00
50.2 0.00
50.3 0.00
50.4 0.00
50.5 0.00
50.6 0.00
50.7 0.00
50.8 0.00
50.9 0.00
51.0 0.00
51.1 0.00
51.2 0.00
51.3 0.00
51.4 0.00
51.5 0.00
51.6 0.00
51.7 0.00
51.8 0.00
51.9 0.00
52.0 0.00
52.1 0.00
52.2 0.00
52.3 0.00
52.4 0.00
52.5 0.00
52.6 0.00
52.7 0.00
52.8 0.00
52.9 0.00
53.0 0.00
53.1 0.00
53.2 0.00
53.3 0.00
53.4 0.00
53.5 0.00
53.6 0.00
53.7 0.00
53.8 0.00
53.9 0.00
54.0 0.00
54.1 0.00
54.2 0.00
54.3 0.00
54.4 0.00
54.5 0.00
54.6 0.00
54.7 0.00
54.8 0.00
54.9 0.00
55.0 0.00
55.1 0.00
55.2 0.00
55.3 0.00
55.4 0.00
55.5 0.00
55.6 0.00
55.7 0.00
55.8 0.00
55.9 0.00
56.0 0.00
56.1 0.00
56.2 0.00
56.3 0.00
56.4 0.00
56.5 0.00
56.6 0.00
56.7 0.00
56.8 0.00
56.9 0.00
57.0 0.00
57.1 0.00
57.2 0.00
57.3 0.00
57.4 0.00
57.5 0.00
57.6 0.00
57.7 0.00
57.8 0.00
57.9 0.00
58.0 0.00
58.1 0.00
58.2 0.00
58.3 0.00
58.4 0.00
58.5 0.00
58.6 0.00
58.7 0.00
58.8 0.00
58.9 0.00
59.0 0.00
59.1 0.00
59.2 0.00
59.3 0.00
59.4 0.00
59.5 0.00
59.6 0.00
59.7 0.00
59.8 0.00
59.9 0.00
60.0 0.00
60.1 0.00
60.2 0.00
60.3 0.00
60.4 0.00
60.5 0.00
60.6 0.00
60.7 0.00
60.8 0.00
60.9 0.00
61.0 0.00
61.1 0.00
61.2 0.00
61.3 0.00
61.4 0.00
61.5 0.00
61.6 0.00
61.7 0.00
61.8 0.00
61.9 0.00
62.0 0.00
62.1 0.00
62.2 0.00
62.3 0.00
62.4 0.00
62.5 0.00
62.6 0.00
62.7 0.00
62.8 0.00
62.9 0.00
63.0 0.00
63.1 0.00
63.2 0.00
63.3 0.00
63.4 0.00
63.5 0.00
63.6 0.00
63.7 0.00
63.8 0.00
63.9 0.00
64.0 0.00
64.1 0.00
64.2 0.00
64.3 0.00
64.4 0.00
64.5 0.00
64.6 0.00
64.7 0.00
64.8 0.00
64.9 0.00
65.0 0.00
65.1 0.00
65.2 0.00
65.3 0.00
65.4 0.00
65.5 0.00
65.6 0.00
65.7 0.00
65.8 0.00
65.9 0.00
66.0 0.00
66.1 0.00
66.2 0.00
66.3 0.00
66.4 0.00
66.5 0.00
66.6 0.00
66.7 0.00
66.8 0.00
66.9 0.00
67.0 0.00
67.1 0.00
67.2 0.00
67.3 0.00
67.4 0.00
67.5 0.00
67.6 0.00
67.7 0.00
67.8 0.00
67.9 0.00
68.0 0.00
68.1 0.00
68.2 0.00
68.3 0.00
68.4 0.00
68.5 0.00
68.6 0.00
68.7 0.00
68.8 0.00
68.9 0.00
69.0 0.00
69.1 0.00
69.2 0.00
69.3 0.00
69.4 0.00
69.5 0.00
69.6 0.00
69.7 0.00
69.8 0.00
69.9 0.00
70.0 0.00
70.1 0.00
70.2 0.00
70.3 0.00
70.4 0.00
70.5 0.00
70.6 0.00
70.7 0.00
70.8 0.00
70.9 0.00
71.0 0.00
71.1 0.00
71.2 0.00
71.3 0.00
71.4 0.00
71.5 0.00
71.6 0.00
71.7 0.00
71.8 0.00
71.9 0.00
72.0 0.00
72.1 0.00
72.2 0.00
72.3 0.00
72.4 0.00
72.5 0.00
72.6 0.00
72.7 0.00
72.8 0.00
72.9 0.00
73.0 0.00
73.1 0.00
73.2 0.00
73.3 0.00
73.4 0.00
73.5 0.00
73.6 0.00
73.7 0.00
73.8 0.00
73.9 0.00
74.0 0.00
74.1 0.00
74.2 0.00
74.3 0.00
74.4 0.00
74.5 0.00
74.6 0.00
74.7 0.00
74.8 0.00
74.9 0.00
75.0 0.00
75.1 0.00
75.2 0.00
75.3 0.00
75.4 0.00
75.5 0.00
75.6 0.00
75.7 0.00
75.8 0.00
75.9 0.00
76.0 0.00
76.1 0.00
76.2 0.00
76.3 0.00
76.4 0.00
76.5 0.00
76.6 0.00
76.7 0.00
76.8 0.00
76.9 0.00
77.0 0.00
77.1 0.00
77.2 0.00
77.3 0.00
77.4 0.00
77.5 0.00
77.6 0.00
77.7 0.00
77.8 0.00
77.9 0.00
78.0 0.00
78.1 0.00
78.2 0.00
78.3 0.00
78.4 0.00
78.5 0.00
78.6 0.00
78.7 0.00
78.8 0.00
78.9 0.00
79.0 0.00
79.1 0.00
79.2 0.00
79.3 0.00
79.4 0.00
79.5 0.00
79.6 0.00
79.7 0.00
79.8 0.00
79.9 0.00
80.0 0.00
80.1 0.00
80.2 0.00
80.3 0.00
80.4 0.00
80.5 0.00
80.6 0.00
80.7 0.00
80.8 0.00
80.9 0.00
81.0 0.00
81.1 0.00
81.2 0.00
81.3 0.00
81.4 0.00
81.5 0.00
81.6 0.00
81.7 0.00
81.8 0.00
81.9 0.00
82.0 0.00
82.1 0.00
82.2 0.00
82.3 0.00
82.4 0.00
82.5 0.00
82.6 0.00
82.7 0.00
82.8 0.00
82.9 0.00
83.0 0.00
83.1 0.00
83.2 0.00
83.3 0.00
83.4 0.00
83.5 0.00
83.6 0.00
83.7 0.00
83.8 0.00
83.9 0.00
84.0 0.00
84.1 0.00
84.2 0.00
84.3 0.00
84.4 0.00
84.5 0.00
84.6 0.00
84.7 0.00
84.8 0.00
84.9 0.00
85.0 0.00
85.1 0.00
85.2 0.00
85.3 0.00
85.4 0.00
85.5 0.00
85.6 0.00
85.7 0.00
85.8 0.00
85.9 0.00
86.0 0.00
86.1 0.00
86.2 0.00
86.3 0.00
86.4 0.00
86.5 0.00
86.6 0.00
86.7 0.00
86.8 0.00
86.9 0.00
87.0 0.00
87.1 0.00
87.2 0.00
87.3 0.00
87.4 0.00
87.5 0.00
87.6 0.00
87.7 0.00
87.8 0.00
87.9 0.00
88.0 0.00
88.1 0.00
88.2 0.00
88.3 0.00
88.4 0.00
88.5 0.00
88.6 0.00
88.7 0.00
88.8 0.00
88.9 0.00
89.0 0.00
89.1 0.00
89.2 0.00
89.3 0.00
89.4 0.00
89.5 0.00
89.6 0.00
89.7 0.00
89.8 0.00
89.9 0.00
90.0 0.00
90.1 0.00
90.2 0.00
90.3 0.00
90.4 0.00
90.5 0.00
90.6 0.00
90.7 0.00
90.8 0.00
90.9 0.00
91.0 0.00
91.1 0.00
91.2 0.00
91.3 0.00
91.4 0.00
91.5 0.00
91.6 0.00
91.7 0.00
91.8 0.00
91.9 0.00
92.0 0.00
92.1 0.00
92.2 0.00
92.3 0.00
92.4 0.00
92.5 0.00
92.6 0.00
92.7 0.00
92.8 0.00
92.9 0.00
93.0 0.00
93.1 0.00
93.2 0.00
93.3 0.00
93.4 0.00
93.5 0.00
93.6 0.00
93.7 0.00
93.8 0.00
93.9 0.00
94.0 0.00
94.1 0.00
94.2 0.00
94.3 0.00
94.4 0.00
94.5 0.00
94.6 0.00
94.7 0.00
94.8 0.00
94.9 0.00
95.0 0.00
95.1 0.00
95.2 0.00
95.3 0.00
95.4 0.00
95.5 0.00
95.6 0.00
95.7 0.00
95.8 0.00
95.9 0.00
96.0 0.00
96.1 0.00
96.2 0.00
96.3 0.00
96.4 0.00
96.5 0.00
96.6 0.00
96.7 0.00
96.8 0.00
96.9 0.00
97.0 0.00
97.1 0.00
97.2 0.00
97.3 0.00
97.4 0.00
97.5 0.00
97.6 0.00
97.7 0.00
97.8 0.00
97.9 0.00
98.0 0.00
98.1 0.00
98.2 0.00
98.3 0.00
98.4 0.00
98.5 0.00
98.6 0.00
98.7 0.00
98.8 0.00
98.9 0.00
99.0 0.00
99.1 0.00
99.2 0.00
99.3 0.00
99.4 0.00
99.5 0.00
99.6 0.00
99.7 0.00
99.8 0.00
99.9 0.00
100.0 0.00
